##Problem_info
speed(meters/minute): 333
coupling_time: 15
decoupling_time: 15
body_capacity: 100
max_bodies: 4
total_number_of_nodes: 14
total_number_of_vessels: 5
total_number_of_bodies: 10
total_number_of_requests: 200
unscheduled_cost_coefficient: 10000
service_time: 2
##Nodes [id is_swap_location]   (-2 is only swap location/transfer | 1 is customer that allow a body to be dropped)
0 1
1 1
2 1
3 1
4 1
5 1
6 1
7 1
8 1
9 1
10 1
11 1
12 1
13 -2
##Vessel [id start_location start_time]
0 6 132
1 3 9
2 2 23
3 1 12
4 0 47
##Bodies [id attached_to_vessel start_location]  (if -1 for attached_to_vessel: body starts detached)
0 2 2
1 4 0
2 3 1
3 1 3
4 0 6
5 2 2
6 4 0
7 4 0
8 3 1
9 1 3
##Requests [id pickup_location_id pickup_from pickup_to delivery_location_id delivery_from delivery_to num_containers at_body_id]
0 -1 -1 -1 6 18720 31602 2 3
1 -1 -1 -1 3 5760 11793 31 0
2 2 7200 20250 3 12966 22077 3 -1
3 5 21600 26183 3 21600 27230 2 -1
4 2 12960 21113 1 15270 27668 1 -1
5 -1 -1 -1 7 8640 24031 1 3
6 7 17280 27825 -1 -1 -1 10 -1
7 4 1440 10115 10 4958 10773 22 -1
8 2 10080 14762 10 10080 17798 6 -1
9 -1 -1 -1 3 0 7968 1 3
10 10 0 8893 0 7453 8893 24 -1
11 -1 -1 -1 4 0 4626 27 4
12 8 14400 19938 9 18228 36971 14 -1
13 8 17280 18741 6 17280 23019 16 -1
14 0 0 6471 3 4007 6471 4 -1
15 5 10080 11954 2 10080 18688 7 -1
16 0 25920 27881 -1 -1 -1 26 -1
17 -1 -1 -1 12 5760 12823 21 6
18 9 11520 15002 12 11520 24578 11 -1
19 5 11520 21325 2 14876 31900 1 -1
20 1 12960 23739 7 25221 42041 6 -1
21 5 12960 14400 6 16544 24010 11 -1
22 -1 -1 -1 2 11520 29090 1 8
23 2 12960 14564 10 12960 27220 3 -1
24 9 4320 14524 8 8657 16321 10 -1
25 10 0 10495 5 6305 12775 15 -1
26 10 14400 22229 1 17649 31896 31 -1
27 10 0 1440 8 0 13152 13 -1
28 5 7200 8640 10 7200 19522 15 -1
29 9 21600 26911 7 21600 32608 9 -1
30 -1 -1 -1 11 15840 31267 3 9
31 6 11520 16933 4 11520 22134 7 -1
32 10 4320 18478 1 16596 20791 1 -1
33 10 17280 23338 9 21011 23661 9 -1
34 7 8640 24874 3 16376 30997 15 -1
35 0 7200 8856 10 7200 14343 9 -1
36 9 1440 10052 11 1440 18120 1 -1
37 2 20160 26243 6 20160 29966 22 -1
38 -1 -1 -1 7 2880 11720 3 9
39 10 4320 6894 1 4320 18845 2 -1
40 9 7200 17670 3 15386 34035 14 -1
41 0 4320 14180 9 7639 22286 12 -1
42 0 5760 12765 10 8085 14881 16 -1
43 -1 -1 -1 8 0 9649 12 9
44 10 10080 21933 11 18182 23378 10 -1
45 11 12960 16497 6 12960 21648 9 -1
46 3 4320 11621 9 4320 13764 5 -1
47 11 24480 26725 4 24480 32341 32 -1
48 4 4320 11386 5 7323 28116 1 -1
49 11 7200 8640 1 7200 11548 20 -1
50 6 5760 21932 4 16536 22863 5 -1
51 4 7200 16579 9 13194 27131 6 -1
52 7 17280 20921 6 17280 21209 19 -1
53 -1 -1 -1 6 14400 27314 6 0
54 -1 -1 -1 10 17280 32011 4 6
55 4 1440 3406 2 1440 15409 1 -1
56 12 12960 24756 3 14703 26491 6 -1
57 -1 -1 -1 12 14400 24264 7 8
58 -1 -1 -1 4 2880 14875 36 5
59 10 18720 25819 12 19027 25819 5 -1
60 11 20160 23223 1 20301 31459 23 -1
61 0 10080 19122 3 14033 34123 1 -1
62 -1 -1 -1 8 0 11359 14 8
63 9 4320 24069 6 23026 35342 15 -1
64 -1 -1 -1 7 14400 18101 6 3
65 1 5760 10062 4 6128 11513 11 -1
66 8 10080 19527 10 16173 28830 2 -1
67 10 20160 27405 -1 -1 -1 17 -1
68 12 5760 18540 4 20627 26973 2 -1
69 6 11520 20318 3 17043 26765 1 -1
70 12 17280 28045 -1 -1 -1 7 -1
71 -1 -1 -1 6 4320 12121 8 3
72 4 11520 21923 12 15262 28354 4 -1
73 7 2880 8349 12 3655 8349 25 -1
74 10 1440 7264 5 3879 14955 4 -1
75 6 12960 14400 2 12960 30320 8 -1
76 -1 -1 -1 6 12960 18410 4 9
77 10 12960 22013 4 14989 22651 4 -1
78 2 17280 25881 10 20261 27459 12 -1
79 2 4320 15443 6 8314 17453 11 -1
80 6 4320 12837 11 4320 15849 21 -1
81 7 14400 23293 4 14400 27776 3 -1
82 -1 -1 -1 7 8640 17846 1 5
83 7 11520 23198 8 20582 27068 12 -1
84 10 11520 28406 -1 -1 -1 22 -1
85 -1 -1 -1 1 4320 17587 13 7
86 -1 -1 -1 4 4320 8882 4 4
87 -1 -1 -1 8 2880 8829 16 6
88 7 17280 18720 1 17280 33544 13 -1
89 0 0 8222 2 4846 22337 21 -1
90 -1 -1 -1 5 18720 29846 1 8
91 12 7200 17043 8 13009 28510 14 -1
92 2 14400 19436 8 16982 26393 8 -1
93 6 10080 11520 7 10080 17191 9 -1
94 0 5760 21548 7 18815 35704 14 -1
95 3 18720 25288 8 25401 33045 9 -1
96 -1 -1 -1 4 0 17252 2 9
97 4 2880 5185 6 2880 16580 1 -1
98 6 10080 17480 4 10085 20779 10 -1
99 7 20160 22969 3 20160 27113 1 -1
100 9 12960 14400 7 12960 25941 2 -1
101 -1 -1 -1 8 15840 26202 3 6
102 11 17280 27150 5 17280 32164 8 -1
103 10 20160 24746 11 20213 36975 25 -1
104 7 17280 24665 4 23176 33288 14 -1
105 6 10080 11520 1 10080 21766 1 -1
106 0 21600 25312 9 21600 42089 23 -1
107 1 1440 7117 7 5480 16710 1 -1
108 12 4320 13709 11 5367 14218 3 -1
109 8 11520 25278 7 19203 36322 16 -1
110 8 5760 7200 5 5760 15201 1 -1
111 -1 -1 -1 7 17280 19412 30 1
112 0 20160 25227 3 20160 33734 14 -1
113 -1 -1 -1 11 10080 18098 2 4
114 9 24480 27553 -1 -1 -1 7 -1
115 0 17280 25986 7 19518 25986 16 -1
116 4 11520 17206 3 11520 23323 1 -1
117 12 17280 21624 0 17280 26134 15 -1
118 1 0 13065 0 8569 18040 4 -1
119 -1 -1 -1 11 18720 29707 3 8
120 7 5760 7668 1 5760 15303 4 -1
121 6 25920 28538 -1 -1 -1 1 -1
122 5 0 13991 0 12551 13991 33 -1
123 -1 -1 -1 3 18720 34729 16 4
124 5 18720 20160 12 18720 22078 6 -1
125 -1 -1 -1 10 10080 20855 4 2
126 7 11520 18843 8 15051 24022 4 -1
127 -1 -1 -1 10 7200 16055 47 5
128 12 0 16798 1 14939 26827 3 -1
129 3 8640 12032 10 8640 16723 5 -1
130 12 18720 22567 10 18720 31450 8 -1
131 -1 -1 -1 3 4320 15756 13 2
132 -1 -1 -1 6 8640 15337 12 5
133 -1 -1 -1 6 8640 10385 15 9
134 5 18720 25458 6 22986 35829 21 -1
135 8 8640 12898 0 11021 17816 1 -1
136 9 8640 22378 2 17266 26726 1 -1
137 -1 -1 -1 1 15840 17280 5 4
138 -1 -1 -1 8 7200 12964 8 9
139 10 4320 12617 8 8378 14247 12 -1
140 -1 -1 -1 1 0 2689 17 2
141 5 15840 24982 9 18094 27515 25 -1
142 2 20160 27942 -1 -1 -1 6 -1
143 3 0 9329 5 943 17813 2 -1
144 11 2880 4320 3 2880 12823 7 -1
145 12 12960 19533 11 14625 27809 6 -1
146 9 14400 22322 0 15124 22322 11 -1
147 2 1440 12412 3 9056 20638 1 -1
148 3 14400 18308 0 14400 23315 7 -1
149 7 14400 24650 9 20517 24650 9 -1
150 5 12960 18928 7 13121 18928 5 -1
151 0 17280 23600 3 20673 34598 16 -1
152 7 5760 14512 11 9339 20960 8 -1
153 -1 -1 -1 10 14400 15840 1 8
154 -1 -1 -1 12 0 8240 22 4
155 -1 -1 -1 7 15840 26782 5 1
156 4 1440 12146 10 7624 12146 10 -1
157 8 10080 15502 7 11379 17970 29 -1
158 0 5760 13627 12 8484 14198 8 -1
159 1 2880 6062 5 2880 7976 8 -1
160 2 21600 28611 -1 -1 -1 3 -1
161 -1 -1 -1 9 12960 14938 3 8
162 1 2880 4320 9 2880 10230 1 -1
163 4 25920 27360 8 25920 31648 2 -1
164 11 5760 13918 9 5760 18563 3 -1
165 7 10080 17440 0 11301 18294 5 -1
166 4 1440 3059 8 1440 12392 2 -1
167 8 12960 22672 5 17519 26283 9 -1
168 0 5760 11121 3 8472 23808 6 -1
169 10 18720 24562 11 19561 30223 16 -1
170 9 5760 8879 8 5768 9829 1 -1
171 10 8640 13886 2 11836 29898 17 -1
172 3 11520 19306 0 14906 20907 5 -1
173 -1 -1 -1 12 2880 22853 14 7
174 6 5760 11636 4 7148 20573 10 -1
175 -1 -1 -1 9 1440 13618 28 2
176 -1 -1 -1 2 2880 19336 7 0
177 -1 -1 -1 2 1440 15625 3 4
178 -1 -1 -1 8 14400 29334 19 8
179 8 8640 21048 12 13844 23274 9 -1
180 -1 -1 -1 0 10080 28010 4 6
181 9 18720 20160 0 18720 23727 15 -1
182 11 2880 11679 8 7962 11679 2 -1
183 -1 -1 -1 7 4320 10868 8 6
184 3 0 15670 9 7911 15670 22 -1
185 6 15840 26570 1 21576 33725 6 -1
186 1 2880 12741 10 10296 15968 1 -1
187 5 5760 7949 8 5760 15701 10 -1
188 4 14400 20099 6 15060 22913 10 -1
189 -1 -1 -1 5 1440 7099 6 9
190 12 17280 24922 0 18268 24922 3 -1
191 9 14400 18079 11 15143 24023 6 -1
192 11 2880 21710 12 14184 23605 38 -1
193 7 17280 24491 2 21925 34876 3 -1
194 -1 -1 -1 12 15840 24710 1 7
195 -1 -1 -1 5 7200 21314 3 3
196 6 8640 18915 12 14989 22760 24 -1
197 -1 -1 -1 0 12960 20849 16 8
198 3 7200 14848 5 7200 19730 10 -1
199 -1 -1 -1 1 2880 14062 5 0
#Distance_Matrix [row=from col=to] (given in meters)
0	64100	64700	59000	68800	198000	190300	53600	54000	70000	189700	174900	68200	64700	
64100	0	10900	6200	6800	135700	131800	14800	10400	5900	131300	116400	13500	10900	
64700	10900	0	5800	4100	135700	125600	15100	11000	6000	125000	110200	17300	0	
59000	6200	5800	0	9800	141400	131300	9300	5300	11700	130800	116000	11600	5800	
68800	6800	4100	9800	0	131600	125000	19100	15100	1900	124500	109600	20300	4100	
198000	135700	135700	141400	131600	0	233000	144400	146100	129800	232500	217700	149200	135700	
190300	131800	125600	131300	125000	233000	0	140600	136600	126700	2500	26200	142900	125600	
53600	14800	15100	9300	19100	144400	140600	0	4400	20700	140100	125300	16600	15100	
54000	10400	11000	5300	15100	146100	136600	4400	0	16300	136000	121200	15300	11000	
70000	5900	6000	11700	1900	129800	126700	20700	16300	0	126100	111300	19400	6000	
189700	131300	125000	130800	124500	232500	2500	140100	136000	126100	0	25600	142300	125000	
174900	116400	110200	116000	109600	217700	26200	125300	121200	111300	25600	0	127500	110200	
68200	13500	17300	11600	20300	149200	142900	16600	15300	19400	142300	127500	0	17300	
64700	10900	0	5800	4100	135700	125600	15100	11000	6000	125000	110200	17300	0	
