##Problem_info
speed(meters/minute): 333
coupling_time: 15
decoupling_time: 15
body_capacity: 100
max_bodies: 4
total_number_of_nodes: 14
total_number_of_vessels: 5
total_number_of_bodies: 10
total_number_of_requests: 200
unscheduled_cost_coefficient: 10000
service_time: 2
##Nodes [id is_swap_location]   (-2 is only swap location/transfer | 1 is customer that allow a body to be dropped)
0 1
1 1
2 1
3 1
4 1
5 1
6 1
7 1
8 1
9 1
10 1
11 1
12 1
13 -2
##Vessel [id start_location start_time]
0 12 0
1 10 41
2 9 1
3 8 15
4 7 21
##Bodies [id attached_to_vessel start_location]  (if -1 for attached_to_vessel: body starts detached)
0 3 8
1 4 7
2 1 10
3 0 12
4 2 9
5 3 8
6 4 7
7 3 8
8 2 9
9 0 12
##Requests [id pickup_location_id pickup_from pickup_to delivery_location_id delivery_from delivery_to num_containers at_body_id]
0 -1 -1 -1 4 10080 27088 9 5
1 6 12960 14400 8 12960 23235 16 -1
2 7 8640 13864 1 8640 14307 13 -1
3 3 5760 11377 1 5852 11780 8 -1
4 4 1440 6163 5 9188 24285 4 -1
5 -1 -1 -1 5 0 13416 1 1
6 -1 -1 -1 5 14400 24879 21 5
7 10 12960 24444 4 21734 38085 1 -1
8 12 14400 21107 1 14920 34536 1 -1
9 3 20160 27546 -1 -1 -1 1 -1
10 12 17280 25423 9 20821 32005 21 -1
11 9 7200 14695 12 9313 14695 17 -1
12 11 18720 27809 -1 -1 -1 6 -1
13 2 18720 23902 12 21030 23902 15 -1
14 1 5760 14439 0 12559 21862 11 -1
15 9 25920 27360 0 25920 37048 24 -1
16 11 4320 9827 3 7728 16024 1 -1
17 8 10080 17532 10 10588 22835 10 -1
18 -1 -1 -1 11 12960 22693 22 1
19 9 20160 24616 6 20160 26842 18 -1
20 -1 -1 -1 11 1440 8526 3 5
21 -1 -1 -1 4 15840 29750 6 3
22 -1 -1 -1 3 8640 17041 16 7
23 2 21600 24679 8 22079 26786 20 -1
24 6 20160 28405 -1 -1 -1 14 -1
25 10 10080 16727 7 13152 22352 11 -1
26 10 14400 15840 6 14400 20825 11 -1
27 -1 -1 -1 6 17280 19034 20 9
28 -1 -1 -1 2 10080 18083 10 3
29 11 18720 20160 10 18720 29195 19 -1
30 11 14400 28183 -1 -1 -1 7 -1
31 5 12960 15855 6 12960 16642 20 -1
32 1 18720 28674 -1 -1 -1 8 -1
33 -1 -1 -1 1 10080 21206 6 8
34 0 11520 16406 8 13997 16406 1 -1
35 -1 -1 -1 2 7200 11820 11 4
36 -1 -1 -1 0 5760 16469 21 4
37 6 0 8790 7 2172 15223 15 -1
38 -1 -1 -1 8 5760 21555 7 5
39 11 8640 16558 2 12474 26760 9 -1
40 4 1440 8829 10 4523 20402 6 -1
41 6 21600 28533 -1 -1 -1 16 -1
42 7 12960 26948 12 21825 29684 4 -1
43 6 8640 12294 4 8640 24310 15 -1
44 -1 -1 -1 10 0 10940 4 8
45 -1 -1 -1 0 8640 13015 3 7
46 -1 -1 -1 1 5760 11352 3 5
47 3 10080 13709 10 10080 21176 5 -1
48 8 15840 20080 5 18158 20080 8 -1
49 3 14400 18506 9 14400 19664 2 -1
50 2 23040 26739 9 23040 39180 25 -1
51 12 12960 18803 1 15355 28984 18 -1
52 0 12960 19248 10 15518 27931 9 -1
53 11 4320 17423 5 12782 17423 8 -1
54 6 7200 15635 5 13016 27220 19 -1
55 -1 -1 -1 6 1440 6143 2 7
56 -1 -1 -1 1 11520 13176 1 6
57 2 7200 22131 9 16192 31661 9 -1
58 6 5760 7721 5 5760 12980 16 -1
59 10 11520 15196 0 11998 22175 1 -1
60 6 5760 10215 10 5760 14717 4 -1
61 -1 -1 -1 12 1440 12250 2 6
62 3 14400 20474 0 15278 34140 23 -1
63 12 7200 11100 2 7200 17870 12 -1
64 -1 -1 -1 10 10080 16103 20 7
65 10 17280 27711 -1 -1 -1 2 -1
66 -1 -1 -1 12 10080 21746 17 9
67 2 10080 16591 11 11830 16591 4 -1
68 -1 -1 -1 0 1440 9621 8 0
69 7 7200 24271 8 21825 29589 12 -1
70 6 1440 11645 8 4888 11645 5 -1
71 0 2880 4320 12 2880 15976 15 -1
72 12 4320 14163 10 7263 19455 5 -1
73 12 15840 23380 2 16751 23380 13 -1
74 -1 -1 -1 5 5760 9775 17 3
75 12 15840 23838 3 18703 35236 8 -1
76 -1 -1 -1 3 18720 23242 4 7
77 0 7200 19292 1 14650 19292 7 -1
78 -1 -1 -1 6 8640 13987 4 1
79 4 18720 26640 0 21488 35440 6 -1
80 6 8640 14541 3 9556 19928 2 -1
81 1 18720 26126 3 25135 31436 4 -1
82 1 0 7314 10 5874 7314 6 -1
83 6 12960 23648 4 17989 33761 21 -1
84 12 23040 27198 0 23040 32878 23 -1
85 8 10080 21430 9 19760 33913 7 -1
86 -1 -1 -1 0 5760 17840 9 4
87 5 0 11089 6 4640 12131 9 -1
88 10 12960 14400 11 12960 22099 6 -1
89 2 21600 27247 5 28199 37126 5 -1
90 9 7200 14022 10 12639 20714 5 -1
91 -1 -1 -1 2 10080 26936 1 1
92 2 17280 26505 4 21471 27120 5 -1
93 -1 -1 -1 12 18720 27644 4 5
94 7 10080 23765 5 17716 23765 8 -1
95 11 2880 8959 12 3674 13727 28 -1
96 5 10080 14929 11 10080 20890 2 -1
97 -1 -1 -1 12 17280 32235 11 2
98 3 20160 22751 0 20160 25326 9 -1
99 -1 -1 -1 0 10080 23369 2 2
100 -1 -1 -1 8 11520 22500 15 9
101 -1 -1 -1 4 0 8438 18 7
102 2 12960 22820 10 19259 28271 26 -1
103 4 18720 20946 1 18720 29771 1 -1
104 11 0 5496 9 3820 16549 22 -1
105 3 17280 24740 -1 -1 -1 20 -1
106 10 11520 18483 5 12932 20401 5 -1
107 6 14400 24287 10 17991 30840 37 -1
108 7 17280 23795 6 20739 28787 10 -1
109 10 4320 5760 7 4320 8461 26 -1
110 1 0 2169 12 0 17375 1 -1
111 1 1440 9301 11 1523 9699 27 -1
112 4 0 6915 3 0 10175 11 -1
113 -1 -1 -1 7 10080 20217 16 2
114 -1 -1 -1 8 11520 21477 1 6
115 7 20160 27570 -1 -1 -1 5 -1
116 4 5760 12481 9 7074 21135 12 -1
117 9 17280 25970 4 20290 27373 5 -1
118 11 0 7529 9 3296 9959 4 -1
119 9 15840 23490 0 15840 26980 16 -1
120 4 17280 21748 8 18534 29805 7 -1
121 -1 -1 -1 4 18720 23436 2 5
122 0 5760 8654 10 5760 18061 23 -1
123 5 5760 9903 3 5760 19269 3 -1
124 2 2880 8297 8 4111 8761 18 -1
125 -1 -1 -1 11 11520 18292 11 1
126 -1 -1 -1 0 7200 21583 7 0
127 9 5760 11735 1 7911 11735 10 -1
128 11 2880 5634 6 2880 18520 20 -1
129 10 12960 19441 7 12960 33271 7 -1
130 6 17280 24880 0 17280 31986 10 -1
131 1 10080 15443 4 10080 21345 1 -1
132 5 8640 18320 12 11539 19117 24 -1
133 9 15840 17280 7 15840 25279 2 -1
134 8 11520 14008 7 11520 23466 3 -1
135 -1 -1 -1 2 15840 29427 17 4
136 3 17280 19252 2 17280 32623 8 -1
137 0 20160 25870 8 20160 26966 2 -1
138 10 0 16172 9 9793 18243 1 -1
139 7 14400 26555 12 23281 26555 7 -1
140 12 24480 27979 -1 -1 -1 27 -1
141 11 7200 18145 2 12273 27621 18 -1
142 12 2880 9549 8 4745 9549 7 -1
143 -1 -1 -1 5 10080 17627 22 2
144 -1 -1 -1 10 0 7554 19 3
145 6 7200 12199 2 7200 17121 2 -1
146 4 2880 14058 9 10379 18902 19 -1
147 6 11520 25116 1 19766 25116 4 -1
148 -1 -1 -1 3 2880 17370 8 6
149 12 7200 19801 6 9997 24106 5 -1
150 12 14400 16104 11 14774 27075 1 -1
151 1 7200 19230 4 17372 27619 1 -1
152 8 15840 20106 11 15840 22608 11 -1
153 12 2880 7716 7 2880 13856 4 -1
154 4 7200 13662 5 9187 21267 6 -1
155 12 4320 12814 3 4320 15720 3 -1
156 8 5760 13041 4 8436 22646 26 -1
157 4 14400 15840 2 14400 18784 5 -1
158 -1 -1 -1 8 5760 22003 16 9
159 -1 -1 -1 5 21600 23859 13 5
160 1 7200 9308 11 7200 9851 10 -1
161 10 7200 13273 8 8402 25460 1 -1
162 -1 -1 -1 9 17280 26725 6 7
163 9 5760 20657 6 16153 36509 7 -1
164 0 7200 18255 1 13030 27726 1 -1
165 3 1440 4106 0 1440 15970 13 -1
166 0 0 1440 3 0 2354 7 -1
167 3 11520 12960 5 11520 19465 15 -1
168 0 8640 16735 12 8640 21914 6 -1
169 3 7200 9619 0 7200 13509 1 -1
170 10 18720 24376 7 19778 27400 1 -1
171 9 7200 22974 1 14558 25911 1 -1
172 1 17280 19373 7 17280 20939 1 -1
173 4 10080 12461 10 10080 24490 2 -1
174 4 10080 19942 3 13520 24590 9 -1
175 8 15840 24498 7 22458 26262 15 -1
176 4 18720 27656 -1 -1 -1 1 -1
177 -1 -1 -1 6 18720 32781 1 7
178 -1 -1 -1 1 11520 23022 3 0
179 6 23040 28766 -1 -1 -1 15 -1
180 -1 -1 -1 3 5760 19239 6 3
181 -1 -1 -1 12 1440 8941 11 2
182 -1 -1 -1 3 14400 29118 15 5
183 9 5760 9688 0 7257 17353 11 -1
184 3 5760 7200 5 5760 9341 9 -1
185 11 8640 18380 1 12118 26425 5 -1
186 -1 -1 -1 7 12960 14400 20 0
187 10 20160 22803 4 20160 23584 18 -1
188 8 5760 16124 9 8952 17450 14 -1
189 -1 -1 -1 5 8640 14516 17 9
190 5 8640 16645 0 11971 22310 10 -1
191 0 11520 15762 1 11520 26427 16 -1
192 8 0 2957 1 0 13330 19 -1
193 8 17280 18720 1 17895 24068 8 -1
194 2 5760 20726 9 20261 27530 5 -1
195 10 15840 23515 1 21477 30451 16 -1
196 4 12960 19819 1 16131 20399 10 -1
197 -1 -1 -1 2 20160 30801 5 2
198 7 12960 16651 11 14555 30844 2 -1
199 0 5760 10321 7 7299 15388 1 -1
#Distance_Matrix [row=from col=to] (given in meters)
0	64100	64700	59000	68800	198000	190300	53600	54000	70000	189700	174900	68200	64700	
64100	0	10900	6200	6800	135700	131800	14800	10400	5900	131300	116400	13500	10900	
64700	10900	0	5800	4100	135700	125600	15100	11000	6000	125000	110200	17300	0	
59000	6200	5800	0	9800	141400	131300	9300	5300	11700	130800	116000	11600	5800	
68800	6800	4100	9800	0	131600	125000	19100	15100	1900	124500	109600	20300	4100	
198000	135700	135700	141400	131600	0	233000	144400	146100	129800	232500	217700	149200	135700	
190300	131800	125600	131300	125000	233000	0	140600	136600	126700	2500	26200	142900	125600	
53600	14800	15100	9300	19100	144400	140600	0	4400	20700	140100	125300	16600	15100	
54000	10400	11000	5300	15100	146100	136600	4400	0	16300	136000	121200	15300	11000	
70000	5900	6000	11700	1900	129800	126700	20700	16300	0	126100	111300	19400	6000	
189700	131300	125000	130800	124500	232500	2500	140100	136000	126100	0	25600	142300	125000	
174900	116400	110200	116000	109600	217700	26200	125300	121200	111300	25600	0	127500	110200	
68200	13500	17300	11600	20300	149200	142900	16600	15300	19400	142300	127500	0	17300	
64700	10900	0	5800	4100	135700	125600	15100	11000	6000	125000	110200	17300	0	
