##Problem_info
speed(meters/minute): 333
coupling_time: 15
decoupling_time: 15
body_capacity: 100
max_bodies: 4
total_number_of_nodes: 14
total_number_of_vessels: 5
total_number_of_bodies: 10
total_number_of_requests: 250
unscheduled_cost_coefficient: 10000
service_time: 2
##Nodes [id is_swap_location]   (-2 is only swap location/transfer | 1 is customer that allow a body to be dropped)
0 1
1 1
2 1
3 1
4 1
5 1
6 1
7 1
8 1
9 1
10 1
11 1
12 1
13 -2
##Vessel [id start_location start_time]
0 7 163
1 12 95
2 9 5
3 8 21
4 6 9
##Bodies [id attached_to_vessel start_location]  (if -1 for attached_to_vessel: body starts detached)
0 1 12
1 2 9
2 0 7
3 4 6
4 3 8
5 1 12
6 0 7
7 3 8
8 3 8
9 0 7
##Requests [id pickup_location_id pickup_from pickup_to delivery_location_id delivery_from delivery_to num_containers at_body_id]
0 9 10080 11691 8 10080 21416 12 -1
1 7 7200 8640 0 7939 20991 3 -1
2 5 5760 7711 10 5760 17781 15 -1
3 12 10080 13542 4 13786 18678 15 -1
4 -1 -1 -1 8 10080 14042 17 6
5 11 7200 21125 0 18919 30100 16 -1
6 9 0 3298 8 0 5027 7 -1
7 11 20160 28067 -1 -1 -1 4 -1
8 7 2880 14475 0 12288 14475 8 -1
9 0 8640 13693 5 9912 21931 2 -1
10 3 12960 16454 10 12960 19551 13 -1
11 2 4320 12259 6 6704 17817 12 -1
12 3 21600 27966 -1 -1 -1 12 -1
13 9 20160 27515 -1 -1 -1 1 -1
14 6 7200 9368 11 7200 17651 1 -1
15 2 21600 23172 9 21600 25040 3 -1
16 0 2880 12435 12 8378 14681 13 -1
17 9 2880 17983 11 16303 17983 1 -1
18 11 14400 23838 3 16802 26276 21 -1
19 -1 -1 -1 9 1440 8013 2 0
20 7 8640 11185 11 8640 11836 10 -1
21 8 17280 24762 12 17280 26696 29 -1
22 7 12960 16535 3 12960 19558 23 -1
23 7 4320 12942 11 7910 12942 13 -1
24 -1 -1 -1 11 12960 17242 10 9
25 -1 -1 -1 5 7200 19230 7 7
26 -1 -1 -1 0 10080 15903 3 6
27 1 20160 26804 8 20160 29027 11 -1
28 -1 -1 -1 11 0 10158 9 2
29 -1 -1 -1 11 8640 19311 4 5
30 6 4320 13158 1 11616 17361 16 -1
31 -1 -1 -1 10 1440 6993 11 0
32 10 11520 22841 11 16121 24105 2 -1
33 8 10080 24022 12 20554 37751 2 -1
34 -1 -1 -1 1 8640 16838 11 1
35 5 11520 20562 9 17519 29216 12 -1
36 -1 -1 -1 9 18720 24695 8 4
37 7 1440 7505 6 3350 11362 11 -1
38 8 11520 18030 6 11520 19124 30 -1
39 9 7200 17044 12 13823 26888 13 -1
40 9 15840 22408 5 18261 22408 22 -1
41 5 7200 15815 12 11294 22766 17 -1
42 12 21600 23775 4 21600 30632 2 -1
43 6 11520 25977 2 20132 30781 13 -1
44 8 10080 14709 6 12617 24323 3 -1
45 0 4320 5760 12 4320 14213 1 -1
46 5 5760 12724 10 13145 18747 1 -1
47 12 14400 24104 6 18159 24104 5 -1
48 -1 -1 -1 9 11520 31321 12 5
49 6 24480 27115 12 24480 36031 1 -1
50 -1 -1 -1 3 10080 23573 16 7
51 -1 -1 -1 5 17280 34582 4 3
52 8 0 8844 1 5287 10647 5 -1
53 6 17280 26157 11 18055 28899 16 -1
54 8 17280 25093 11 18810 34492 2 -1
55 2 4320 7461 1 4320 15530 25 -1
56 11 1440 11437 2 2889 11437 21 -1
57 -1 -1 -1 2 10080 15681 1 0
58 -1 -1 -1 5 5760 14981 4 3
59 9 14400 20167 7 14973 22270 1 -1
60 2 0 2989 9 3657 16879 16 -1
61 -1 -1 -1 2 12960 25777 7 6
62 2 1440 14464 7 12854 14464 40 -1
63 1 10080 11520 11 10080 15250 7 -1
64 9 17280 21199 10 21330 26774 6 -1
65 12 11520 18814 2 13378 18814 4 -1
66 -1 -1 -1 11 11520 27142 7 9
67 12 11520 18129 3 11520 27190 8 -1
68 2 15840 19579 6 19766 29758 4 -1
69 10 2880 11125 4 9521 21063 3 -1
70 -1 -1 -1 0 8640 23563 20 2
71 3 5760 16808 6 14159 21704 7 -1
72 2 18720 22276 9 18720 32089 19 -1
73 2 15840 24630 12 19404 24630 32 -1
74 -1 -1 -1 9 11520 27431 4 9
75 -1 -1 -1 0 17280 32294 26 2
76 0 8640 23518 1 22769 38164 12 -1
77 -1 -1 -1 10 5760 11909 1 4
78 9 21600 26271 1 21600 32404 21 -1
79 2 4320 8158 7 4595 8158 1 -1
80 5 10080 15162 3 10080 18196 7 -1
81 1 18720 26798 8 22349 26798 1 -1
82 -1 -1 -1 5 2880 18812 12 1
83 2 11520 15637 9 11520 26185 1 -1
84 4 21600 27050 7 21600 35900 3 -1
85 -1 -1 -1 9 12960 23305 15 8
86 7 12960 23280 11 20445 31117 12 -1
87 4 11520 21992 8 16706 21992 1 -1
88 6 1440 5422 7 1440 12429 1 -1
89 6 12960 16577 11 14306 29419 16 -1
90 -1 -1 -1 5 7200 13920 15 5
91 1 5760 8946 12 5760 14335 1 -1
92 8 1440 3233 10 1440 12767 10 -1
93 7 12960 24430 8 22990 24430 1 -1
94 -1 -1 -1 2 5760 20423 16 9
95 -1 -1 -1 4 5760 14577 15 3
96 -1 -1 -1 2 21600 26677 11 6
97 0 21600 25751 5 21600 27823 2 -1
98 2 10080 11520 8 10080 17771 13 -1
99 -1 -1 -1 12 0 10610 18 0
100 1 21600 28049 -1 -1 -1 1 -1
101 1 8640 16791 5 14766 33763 9 -1
102 12 25920 27360 4 25920 37155 20 -1
103 -1 -1 -1 4 0 17285 4 1
104 4 23040 27107 6 23040 30470 15 -1
105 2 11520 20579 0 20008 32097 18 -1
106 12 21600 27825 -1 -1 -1 10 -1
107 4 4320 12730 2 8815 18871 13 -1
108 -1 -1 -1 11 15840 28411 5 3
109 12 12960 20477 4 18033 23202 1 -1
110 3 8640 18557 11 14776 18929 9 -1
111 0 7200 8640 5 7200 13843 1 -1
112 0 21600 25847 11 21600 39616 4 -1
113 3 7200 23412 9 15907 31788 19 -1
114 1 1440 7655 0 1440 11558 13 -1
115 3 0 7571 2 3907 12697 15 -1
116 6 20160 21600 7 20160 21697 6 -1
117 5 17280 23655 4 17280 34590 14 -1
118 -1 -1 -1 2 12960 25294 13 5
119 6 1440 12942 12 6773 19120 28 -1
120 11 12960 15423 3 12960 19907 13 -1
121 12 11520 24946 3 17710 28758 13 -1
122 12 2880 12107 5 7446 21698 9 -1
123 4 14400 16164 0 14400 19947 22 -1
124 7 25920 27780 -1 -1 -1 8 -1
125 7 7200 8640 3 7200 17599 1 -1
126 0 17280 28617 -1 -1 -1 7 -1
127 2 21600 28282 -1 -1 -1 9 -1
128 -1 -1 -1 1 0 3898 22 7
129 5 14400 23751 8 16279 31907 9 -1
130 0 11520 23405 1 16306 23405 20 -1
131 7 10080 15266 9 12901 19554 21 -1
132 2 12960 22254 3 14925 22254 9 -1
133 5 17280 22179 11 17280 25818 1 -1
134 7 20160 24842 3 20160 29834 14 -1
135 -1 -1 -1 10 7200 14764 17 6
136 -1 -1 -1 1 0 14545 14 4
137 10 15840 19527 4 18087 19527 22 -1
138 10 0 9134 12 2281 9134 5 -1
139 5 20160 23639 8 20160 32315 14 -1
140 8 15840 21458 7 17547 33391 9 -1
141 1 14400 17590 4 15784 22808 18 -1
142 -1 -1 -1 4 8640 13245 9 7
143 8 0 4747 4 0 5662 5 -1
144 -1 -1 -1 10 7200 15102 13 1
145 6 11520 17537 5 14622 20453 3 -1
146 9 5760 11142 5 5760 17610 18 -1
147 8 5760 14919 7 5760 26163 1 -1
148 -1 -1 -1 1 2880 9170 13 2
149 7 18720 24553 4 18720 33650 2 -1
150 -1 -1 -1 2 4320 14857 2 0
151 9 18720 23052 1 19172 23052 16 -1
152 2 0 9213 8 7773 9213 1 -1
153 3 2880 13897 2 11051 21688 1 -1
154 8 12960 15753 0 12960 24839 4 -1
155 -1 -1 -1 6 7200 20061 17 6
156 1 1440 4039 11 1440 15623 1 -1
157 -1 -1 -1 12 11520 14679 3 5
158 1 7200 10896 9 7200 18487 31 -1
159 -1 -1 -1 7 8640 24700 7 2
160 2 18720 27930 -1 -1 -1 2 -1
161 8 4320 12073 9 7849 12073 7 -1
162 10 7200 13304 5 7200 13756 5 -1
163 -1 -1 -1 9 0 4108 1 5
164 3 0 3292 11 0 12699 23 -1
165 -1 -1 -1 11 10080 22823 1 3
166 12 5760 12112 3 5760 18116 5 -1
167 -1 -1 -1 1 12960 20314 6 7
168 6 25920 28445 -1 -1 -1 8 -1
169 -1 -1 -1 8 8640 14400 11 4
170 0 23040 28408 -1 -1 -1 7 -1
171 7 15840 17280 3 15840 28750 1 -1
172 -1 -1 -1 5 12960 22326 9 9
173 6 14400 22484 4 21044 22484 7 -1
174 12 1440 8518 0 5187 20282 19 -1
175 4 20160 21625 2 20160 29835 17 -1
176 11 14400 21400 8 19322 26595 1 -1
177 4 2880 13300 6 5236 14185 7 -1
178 11 0 3825 3 0 14510 15 -1
179 1 10080 19745 2 13392 20017 16 -1
180 8 8640 15658 2 11192 27334 2 -1
181 -1 -1 -1 8 17280 28352 13 0
182 6 17280 18720 11 17280 30087 21 -1
183 6 7200 11328 0 11977 29187 15 -1
184 -1 -1 -1 4 5760 11689 12 2
185 8 4320 17109 2 11059 22839 31 -1
186 -1 -1 -1 8 15840 29999 18 7
187 8 15840 23936 12 21148 23936 17 -1
188 11 10080 12397 7 10080 13028 5 -1
189 -1 -1 -1 3 12960 17516 3 9
190 5 15840 23878 11 18895 35562 7 -1
191 3 15840 21053 1 18173 23678 11 -1
192 -1 -1 -1 2 0 6999 19 7
193 10 1440 2880 6 1440 12725 2 -1
194 8 18720 20160 4 18720 20835 9 -1
195 5 11520 16712 9 12512 23511 20 -1
196 1 8640 15550 5 12752 16335 29 -1
197 10 14400 15840 9 14400 26707 16 -1
198 11 10080 15053 7 12475 21857 1 -1
199 8 23040 27800 -1 -1 -1 6 -1
200 -1 -1 -1 1 4320 24953 9 0
201 7 7200 17234 4 10235 17234 23 -1
202 6 8640 13624 11 12767 28124 7 -1
203 12 14400 17529 1 14400 25673 6 -1
204 -1 -1 -1 5 12960 23861 1 4
205 11 12960 24609 9 19636 28039 11 -1
206 -1 -1 -1 5 2880 11870 30 5
207 2 0 12388 1 4445 15255 26 -1
208 6 1440 7997 1 5151 16802 4 -1
209 1 2880 5817 8 2880 10679 7 -1
210 -1 -1 -1 9 23040 28957 1 4
211 2 25920 27360 5 25920 34233 19 -1
212 7 12960 16517 2 12960 29883 7 -1
213 -1 -1 -1 12 11520 21583 15 3
214 9 7200 12860 1 7267 16147 10 -1
215 -1 -1 -1 10 12960 26724 1 3
216 -1 -1 -1 12 5760 11750 1 3
217 10 12960 26607 2 20099 30124 11 -1
218 -1 -1 -1 3 17280 35431 1 3
219 6 21600 28363 -1 -1 -1 8 -1
220 12 2880 12188 2 8124 12188 24 -1
221 6 1440 11771 8 10197 24582 5 -1
222 2 11520 18875 6 20987 31331 12 -1
223 -1 -1 -1 6 14400 26130 17 8
224 8 2880 13968 5 5158 17867 21 -1
225 -1 -1 -1 9 14400 27374 10 4
226 7 10080 17444 6 10306 17444 1 -1
227 12 20160 27617 -1 -1 -1 22 -1
228 -1 -1 -1 4 15840 24918 12 9
229 1 14400 18559 12 15907 18559 4 -1
230 -1 -1 -1 5 10080 27962 16 5
231 0 21600 23040 5 21600 35063 8 -1
232 5 12960 22162 7 23951 36481 8 -1
233 6 1440 2880 1 1440 11789 7 -1
234 -1 -1 -1 9 21600 33707 9 1
235 -1 -1 -1 1 11520 20863 24 6
236 -1 -1 -1 5 18720 22985 5 4
237 1 0 7884 9 7404 16086 9 -1
238 12 20160 27698 -1 -1 -1 6 -1
239 4 1440 3783 9 1440 11248 3 -1
240 9 0 13409 11 11647 25263 16 -1
241 8 10080 17395 5 20381 35117 14 -1
242 6 5760 11895 12 5760 22878 6 -1
243 7 10080 16661 6 13196 29620 24 -1
244 11 15840 28524 -1 -1 -1 2 -1
245 10 18720 21579 11 18720 33249 7 -1
246 12 17280 25118 9 24747 37503 10 -1
247 10 14400 23422 6 15536 24292 9 -1
248 -1 -1 -1 8 12960 21615 6 8
249 -1 -1 -1 0 17280 33658 15 1
#Distance_Matrix [row=from col=to] (given in meters)
0	64100	64700	59000	68800	198000	190300	53600	54000	70000	189700	174900	68200	64700	
64100	0	10900	6200	6800	135700	131800	14800	10400	5900	131300	116400	13500	10900	
64700	10900	0	5800	4100	135700	125600	15100	11000	6000	125000	110200	17300	0	
59000	6200	5800	0	9800	141400	131300	9300	5300	11700	130800	116000	11600	5800	
68800	6800	4100	9800	0	131600	125000	19100	15100	1900	124500	109600	20300	4100	
198000	135700	135700	141400	131600	0	233000	144400	146100	129800	232500	217700	149200	135700	
190300	131800	125600	131300	125000	233000	0	140600	136600	126700	2500	26200	142900	125600	
53600	14800	15100	9300	19100	144400	140600	0	4400	20700	140100	125300	16600	15100	
54000	10400	11000	5300	15100	146100	136600	4400	0	16300	136000	121200	15300	11000	
70000	5900	6000	11700	1900	129800	126700	20700	16300	0	126100	111300	19400	6000	
189700	131300	125000	130800	124500	232500	2500	140100	136000	126100	0	25600	142300	125000	
174900	116400	110200	116000	109600	217700	26200	125300	121200	111300	25600	0	127500	110200	
68200	13500	17300	11600	20300	149200	142900	16600	15300	19400	142300	127500	0	17300	
64700	10900	0	5800	4100	135700	125600	15100	11000	6000	125000	110200	17300	0	
