##Problem_info
speed(meters/minute): 333
coupling_time: 15
decoupling_time: 15
body_capacity: 100
max_bodies: 4
total_number_of_nodes: 14
total_number_of_vessels: 5
total_number_of_bodies: 10
total_number_of_requests: 300
unscheduled_cost_coefficient: 10000
service_time: 2
##Nodes [id is_swap_location]   (-2 is only swap location/transfer | 1 is customer that allow a body to be dropped)
0 1
1 1
2 1
3 1
4 1
5 1
6 1
7 1
8 1
9 1
10 1
11 1
12 1
13 -2
##Vessel [id start_location start_time]
0 11 163
1 9 75
2 8 0
3 6 34
4 5 110
##Bodies [id attached_to_vessel start_location]  (if -1 for attached_to_vessel: body starts detached)
0 4 5
1 1 9
2 3 6
3 2 8
4 0 11
5 1 9
6 1 9
7 2 8
8 3 6
9 2 8
##Requests [id pickup_location_id pickup_from pickup_to delivery_location_id delivery_from delivery_to num_containers at_body_id]
0 -1 -1 -1 11 12960 21993 2 5
1 11 14400 23970 4 19533 29234 4 -1
2 0 0 15044 3 11138 15044 15 -1
3 3 7200 14700 11 12026 14700 14 -1
4 10 8640 24167 5 19197 32102 4 -1
5 5 1440 2958 2 3380 11490 7 -1
6 12 14400 15840 4 14400 19090 5 -1
7 2 17280 18720 10 17280 29557 25 -1
8 -1 -1 -1 2 1440 5869 1 7
9 4 5760 12246 3 8144 18311 19 -1
10 4 7200 12413 9 7883 15658 12 -1
11 8 11520 13845 4 11520 24932 6 -1
12 10 5760 10433 6 5760 21176 3 -1
13 -1 -1 -1 6 4320 7447 4 2
14 0 0 9028 10 3692 9734 1 -1
15 12 12960 15449 9 12960 27795 10 -1
16 9 4320 7056 2 4320 12787 15 -1
17 10 0 1553 5 0 9329 8 -1
18 8 18720 20681 12 20209 37467 1 -1
19 9 17280 23745 11 18263 32954 4 -1
20 3 4320 16804 9 13040 33833 13 -1
21 1 10080 15467 5 10080 23146 14 -1
22 -1 -1 -1 6 25920 27360 3 1
23 0 5760 20806 8 9551 22510 1 -1
24 5 10080 11627 3 10080 21974 22 -1
25 -1 -1 -1 1 5760 12814 11 7
26 9 2880 4936 5 2880 10067 13 -1
27 0 0 9156 11 5296 9156 6 -1
28 9 4320 7988 7 4661 14349 7 -1
29 7 7200 15511 12 8971 15511 6 -1
30 11 1440 9394 5 7995 13799 3 -1
31 6 25920 27360 4 25920 37415 7 -1
32 -1 -1 -1 10 5760 13142 23 7
33 12 4320 12416 5 6275 17637 15 -1
34 -1 -1 -1 9 4320 19323 7 6
35 5 5760 9747 10 5760 15132 13 -1
36 -1 -1 -1 4 18720 27995 3 7
37 4 0 2877 6 1224 16173 22 -1
38 12 2880 12248 9 5582 25081 1 -1
39 8 14400 20991 3 19494 28140 27 -1
40 2 0 4697 8 4710 17789 20 -1
41 -1 -1 -1 9 11520 18013 4 9
42 10 11520 18107 11 12019 28117 1 -1
43 0 8640 10978 4 8640 25869 2 -1
44 -1 -1 -1 10 8640 18380 4 0
45 -1 -1 -1 12 1440 7322 5 4
46 5 2880 12096 12 8532 22173 18 -1
47 -1 -1 -1 12 11520 16999 18 3
48 7 8640 16589 4 9112 24083 5 -1
49 11 15840 21361 9 17323 29490 7 -1
50 4 20160 23504 3 20160 32161 3 -1
51 10 15840 24627 9 20238 35250 10 -1
52 1 11520 25208 0 18374 29212 3 -1
53 7 12960 16181 2 12960 22974 9 -1
54 8 5760 13644 3 7782 18450 3 -1
55 4 5760 15890 8 13915 15890 1 -1
56 10 7200 15437 4 7200 17802 21 -1
57 8 4320 6501 12 4320 16984 17 -1
58 2 14400 20428 9 19235 33825 21 -1
59 -1 -1 -1 7 10080 15568 33 6
60 8 23040 28020 -1 -1 -1 33 -1
61 -1 -1 -1 2 5760 16702 3 9
62 3 8640 14756 9 9922 24646 7 -1
63 -1 -1 -1 12 18720 27035 20 8
64 11 17280 20133 0 17280 25170 1 -1
65 0 0 3426 5 0 13151 4 -1
66 8 12960 16865 3 12960 20828 5 -1
67 8 21600 23561 7 21600 28691 16 -1
68 11 23040 24480 12 26071 37835 2 -1
69 5 20160 27880 -1 -1 -1 8 -1
70 10 20160 22168 9 21162 27953 15 -1
71 11 8640 14735 6 8640 19811 27 -1
72 6 11520 14455 5 13312 21502 6 -1
73 10 7200 8775 4 7200 11820 1 -1
74 -1 -1 -1 7 4320 13465 22 1
75 2 10080 14259 4 10947 14259 5 -1
76 11 20160 27034 7 20160 27058 10 -1
77 7 4320 13917 9 7686 21325 24 -1
78 6 2880 8383 9 3546 17159 3 -1
79 9 7200 10093 8 7200 22071 9 -1
80 -1 -1 -1 6 0 17724 3 2
81 -1 -1 -1 11 7200 11686 8 5
82 12 1440 8743 3 3016 10696 11 -1
83 3 17280 22805 9 17280 29503 16 -1
84 -1 -1 -1 8 12960 27796 3 8
85 10 5760 9784 2 8463 25771 31 -1
86 5 20160 28393 -1 -1 -1 7 -1
87 10 8640 19267 12 13996 20303 8 -1
88 -1 -1 -1 4 20160 23821 1 8
89 -1 -1 -1 1 17280 31578 5 5
90 10 8640 23624 4 17282 26844 11 -1
91 2 5760 12885 4 11123 22073 1 -1
92 3 5760 7217 2 5760 11397 1 -1
93 1 11520 16277 2 14156 29425 4 -1
94 3 15840 25512 5 21717 26440 1 -1
95 10 11520 19122 9 19993 26271 8 -1
96 2 17280 26039 4 21877 26039 10 -1
97 4 0 10574 5 1561 12959 22 -1
98 10 1440 12534 11 8087 15616 8 -1
99 2 18720 21650 12 18720 25887 24 -1
100 -1 -1 -1 5 20160 25547 25 4
101 9 15840 24986 1 22480 31452 16 -1
102 -1 -1 -1 6 21600 33995 27 3
103 3 23040 26795 10 23040 31404 7 -1
104 11 7200 18168 4 10660 19002 7 -1
105 3 1440 10893 11 6342 16934 16 -1
106 12 12960 16938 9 14677 17554 8 -1
107 8 0 6454 6 2889 11341 9 -1
108 -1 -1 -1 10 10080 17578 16 1
109 6 10080 27953 -1 -1 -1 4 -1
110 -1 -1 -1 8 8640 24719 7 4
111 1 15840 25632 4 17685 28262 2 -1
112 9 8640 17492 0 11731 22075 4 -1
113 0 11520 17644 10 11520 22126 5 -1
114 3 7200 15848 9 12177 24371 8 -1
115 5 18720 20739 3 18720 30916 10 -1
116 1 23040 25239 2 23040 32012 12 -1
117 -1 -1 -1 10 11520 22947 4 4
118 0 18720 28094 -1 -1 -1 25 -1
119 1 21600 25239 7 24021 37824 10 -1
120 8 10080 11520 5 10080 28666 5 -1
121 -1 -1 -1 10 5760 14325 10 6
122 -1 -1 -1 7 10080 19264 13 4
123 5 11520 15195 3 12564 24090 4 -1
124 10 17280 27235 7 20507 29687 26 -1
125 9 0 9656 10 3182 12684 2 -1
126 9 5760 14068 12 6268 15200 1 -1
127 9 5760 8075 12 5760 10259 13 -1
128 12 20160 21600 6 20160 21600 25 -1
129 4 20160 27125 6 22379 27125 18 -1
130 11 12960 17902 10 15552 28846 14 -1
131 -1 -1 -1 11 8640 22176 1 9
132 0 7200 8640 5 7200 20416 35 -1
133 0 10080 18349 3 16301 30206 3 -1
134 7 12960 20919 5 17249 28658 20 -1
135 -1 -1 -1 4 1440 13603 17 8
136 8 10080 16593 3 15153 16593 3 -1
137 9 21600 27946 -1 -1 -1 10 -1
138 2 5760 16614 3 12645 24314 31 -1
139 -1 -1 -1 5 18720 33346 6 6
140 4 18720 24615 3 19773 24615 24 -1
141 -1 -1 -1 1 7200 20683 15 3
142 3 12960 21486 12 15423 22877 3 -1
143 8 10080 23727 0 20898 26830 2 -1
144 0 7200 8640 11 7200 23303 2 -1
145 0 25920 27839 -1 -1 -1 16 -1
146 -1 -1 -1 6 15840 25487 17 8
147 12 17280 24033 4 18649 37920 30 -1
148 4 12960 19297 9 12960 26986 13 -1
149 4 5760 14952 7 13374 32308 2 -1
150 -1 -1 -1 11 25920 35394 7 1
151 -1 -1 -1 1 2880 12988 2 7
152 -1 -1 -1 3 2880 8922 3 5
153 -1 -1 -1 12 18720 35328 1 3
154 4 17280 24161 3 17280 32773 6 -1
155 8 8640 14319 1 9640 19345 21 -1
156 0 17280 18818 4 17280 26165 17 -1
157 -1 -1 -1 2 7200 17006 9 3
158 -1 -1 -1 4 18720 20984 9 2
159 0 21600 26259 1 23536 39552 3 -1
160 4 2880 16986 2 9866 21482 1 -1
161 -1 -1 -1 6 11520 20649 8 9
162 5 20160 28098 -1 -1 -1 13 -1
163 4 7200 8640 10 7680 21072 6 -1
164 3 15840 23208 5 18322 33610 20 -1
165 2 1440 7927 11 2573 14911 5 -1
166 3 15840 19031 5 15840 21053 1 -1
167 9 7200 14239 5 11243 29120 29 -1
168 -1 -1 -1 4 2880 16784 9 8
169 10 4320 8014 4 6643 16942 13 -1
170 2 10080 16247 4 16392 25893 18 -1
171 5 20160 21600 9 20160 21600 7 -1
172 10 20160 25782 12 20800 31055 17 -1
173 1 18720 24232 9 21479 28522 3 -1
174 -1 -1 -1 7 14400 24220 3 2
175 3 10080 18400 0 14207 23380 11 -1
176 7 2880 17376 3 10225 24060 12 -1
177 10 21600 28051 -1 -1 -1 6 -1
178 2 12960 18413 4 14968 18413 14 -1
179 -1 -1 -1 2 5760 22389 2 1
180 -1 -1 -1 11 10080 24492 37 7
181 -1 -1 -1 1 17280 19845 1 1
182 -1 -1 -1 1 14400 29031 3 1
183 5 0 6068 9 4257 6068 2 -1
184 -1 -1 -1 4 1440 11074 2 3
185 9 1440 11312 8 9227 13795 2 -1
186 1 7200 8883 6 7200 18978 16 -1
187 0 1440 7076 5 1440 19150 8 -1
188 7 11520 18528 9 17507 27152 21 -1
189 6 14400 22754 5 17406 27837 3 -1
190 -1 -1 -1 11 15840 23043 14 9
191 3 24480 26779 6 24480 40653 1 -1
192 -1 -1 -1 0 8640 20828 10 4
193 -1 -1 -1 9 12960 16193 7 2
194 -1 -1 -1 10 7200 10582 11 7
195 4 15840 23655 3 15840 28075 3 -1
196 7 18720 23077 5 18720 33867 2 -1
197 9 14400 22415 1 14400 26410 15 -1
198 2 4320 9642 4 4320 10022 17 -1
199 -1 -1 -1 2 15840 30405 10 9
200 11 7200 20157 0 16605 23333 4 -1
201 7 14400 25180 10 17251 29456 8 -1
202 9 1440 5857 0 1440 21037 1 -1
203 1 18720 25284 2 18720 31035 4 -1
204 2 1440 10370 5 5576 15789 22 -1
205 8 18720 23389 2 20251 38196 1 -1
206 -1 -1 -1 10 20160 30848 2 9
207 11 15840 22892 5 22403 37016 15 -1
208 -1 -1 -1 4 12960 33123 8 4
209 4 1440 11020 0 9580 11020 6 -1
210 -1 -1 -1 4 7200 20453 9 8
211 2 5760 16379 12 15914 25389 6 -1
212 7 1440 3066 5 1440 9468 9 -1
213 7 27360 28800 -1 -1 -1 4 -1
214 10 5760 7200 11 5760 10470 10 -1
215 8 1440 8224 6 6256 15096 13 -1
216 9 4320 17292 3 15001 32767 6 -1
217 10 12960 26301 7 24101 36898 3 -1
218 11 1440 4813 10 1842 10882 6 -1
219 5 0 10689 7 4782 13469 5 -1
220 -1 -1 -1 10 11520 25115 28 6
221 9 21600 25439 0 24561 33075 3 -1
222 7 17280 23686 10 18077 23686 26 -1
223 -1 -1 -1 12 10080 23270 5 1
224 8 4320 5760 7 4320 15901 1 -1
225 8 7200 23429 5 18245 31112 1 -1
226 -1 -1 -1 7 7200 13683 10 6
227 0 2880 4320 3 2880 15670 29 -1
228 7 12960 14400 5 12960 25502 7 -1
229 -1 -1 -1 9 11520 21927 15 8
230 -1 -1 -1 11 0 8475 17 3
231 11 14400 19045 12 14400 25494 4 -1
232 3 5760 7200 9 5760 15016 17 -1
233 3 27360 28800 -1 -1 -1 10 -1
234 2 5760 17671 10 16552 25340 12 -1
235 8 15840 20826 11 16046 28830 2 -1
236 7 7200 13947 3 10063 22605 1 -1
237 4 17280 21232 10 17280 33580 15 -1
238 -1 -1 -1 9 18720 23395 23 2
239 7 1440 12688 9 4981 20610 14 -1
240 -1 -1 -1 6 20160 24788 18 4
241 10 2880 8006 3 2880 14711 9 -1
242 -1 -1 -1 2 11520 23498 20 1
243 3 15840 18496 5 15840 36840 14 -1
244 -1 -1 -1 6 8640 17841 6 6
245 0 11520 24314 6 22270 35671 13 -1
246 8 0 8824 5 6423 17634 9 -1
247 9 15840 27262 3 22188 30603 31 -1
248 6 11520 24745 11 16471 29187 6 -1
249 0 23040 24480 5 23040 37316 5 -1
250 -1 -1 -1 1 5760 15741 15 2
251 0 15840 21135 3 15840 26885 23 -1
252 7 24480 25920 8 24480 36165 17 -1
253 12 18720 20160 1 18720 29050 6 -1
254 9 11520 18442 6 16909 22126 6 -1
255 6 1440 4144 0 6003 23182 8 -1
256 9 5760 8840 6 5760 14679 4 -1
257 -1 -1 -1 5 18720 33320 2 7
258 -1 -1 -1 7 27360 39424 41 0
259 -1 -1 -1 11 5760 19230 7 1
260 -1 -1 -1 7 7200 19257 35 5
261 8 5760 10971 0 7715 17491 9 -1
262 8 12960 21090 11 18056 26248 6 -1
263 1 12960 22865 3 20453 32058 1 -1
264 10 0 8462 2 3374 17039 12 -1
265 6 15840 21030 7 19243 33640 17 -1
266 -1 -1 -1 6 20160 28487 7 7
267 8 14400 26551 7 25111 26551 9 -1
268 11 5760 8049 9 5760 10944 2 -1
269 9 24480 28143 -1 -1 -1 7 -1
270 5 2880 5290 12 2880 16683 20 -1
271 3 4320 12640 12 7687 16752 8 -1
272 0 2880 9342 7 2880 17080 8 -1
273 3 10080 22089 1 20258 22192 10 -1
274 0 4320 6745 6 4320 19934 15 -1
275 -1 -1 -1 2 11520 20546 18 0
276 5 2880 9699 3 2880 13096 18 -1
277 -1 -1 -1 10 23040 31479 12 0
278 8 14400 18259 12 14400 25155 11 -1
279 -1 -1 -1 8 18720 26490 26 9
280 -1 -1 -1 9 0 10524 20 2
281 1 20160 22131 2 20160 30461 22 -1
282 4 11520 18388 9 14157 23920 35 -1
283 1 21600 25941 8 21640 31901 18 -1
284 -1 -1 -1 12 8640 14596 15 5
285 11 1440 11172 9 7048 20104 25 -1
286 -1 -1 -1 10 4320 9960 1 9
287 -1 -1 -1 4 21600 30876 17 0
288 1 5760 7200 11 5760 14132 2 -1
289 8 0 5669 4 3206 18207 18 -1
290 2 25920 27360 0 25920 37731 9 -1
291 -1 -1 -1 11 18720 23351 13 2
292 -1 -1 -1 2 0 1440 5 9
293 -1 -1 -1 8 5760 15772 12 9
294 -1 -1 -1 12 8640 18321 22 5
295 2 23040 27478 -1 -1 -1 1 -1
296 9 10080 20626 10 14099 26952 2 -1
297 6 0 6431 3 0 12344 29 -1
298 9 20160 24984 8 20160 35699 6 -1
299 3 11520 12960 12 11520 18374 10 -1
#Distance_Matrix [row=from col=to] (given in meters)
0	64100	64700	59000	68800	198000	190300	53600	54000	70000	189700	174900	68200	64700	
64100	0	10900	6200	6800	135700	131800	14800	10400	5900	131300	116400	13500	10900	
64700	10900	0	5800	4100	135700	125600	15100	11000	6000	125000	110200	17300	0	
59000	6200	5800	0	9800	141400	131300	9300	5300	11700	130800	116000	11600	5800	
68800	6800	4100	9800	0	131600	125000	19100	15100	1900	124500	109600	20300	4100	
198000	135700	135700	141400	131600	0	233000	144400	146100	129800	232500	217700	149200	135700	
190300	131800	125600	131300	125000	233000	0	140600	136600	126700	2500	26200	142900	125600	
53600	14800	15100	9300	19100	144400	140600	0	4400	20700	140100	125300	16600	15100	
54000	10400	11000	5300	15100	146100	136600	4400	0	16300	136000	121200	15300	11000	
70000	5900	6000	11700	1900	129800	126700	20700	16300	0	126100	111300	19400	6000	
189700	131300	125000	130800	124500	232500	2500	140100	136000	126100	0	25600	142300	125000	
174900	116400	110200	116000	109600	217700	26200	125300	121200	111300	25600	0	127500	110200	
68200	13500	17300	11600	20300	149200	142900	16600	15300	19400	142300	127500	0	17300	
64700	10900	0	5800	4100	135700	125600	15100	11000	6000	125000	110200	17300	0	
