##Problem_info
speed(meters/minute): 333
coupling_time: 15
decoupling_time: 15
body_capacity: 100
max_bodies: 4
total_number_of_nodes: 14
total_number_of_vessels: 5
total_number_of_bodies: 10
total_number_of_requests: 300
unscheduled_cost_coefficient: 10000
service_time: 2
##Nodes [id is_swap_location]   (-2 is only swap location/transfer | 1 is customer that allow a body to be dropped)
0 1
1 1
2 1
3 1
4 1
5 1
6 1
7 1
8 1
9 1
10 1
11 1
12 1
13 -2
##Vessel [id start_location start_time]
0 12 22
1 13 4
2 3 14
3 11 4
4 10 167
##Bodies [id attached_to_vessel start_location]  (if -1 for attached_to_vessel: body starts detached)
0 0 12
1 1 13
2 3 11
3 2 3
4 4 10
5 0 12
6 4 10
7 2 3
8 4 10
9 2 3
##Requests [id pickup_location_id pickup_from pickup_to delivery_location_id delivery_from delivery_to num_containers at_body_id]
0 -1 -1 -1 8 2880 8522 7 6
1 9 23040 24480 5 23040 35014 22 -1
2 12 4320 8184 10 10789 21083 29 -1
3 4 11520 27798 -1 -1 -1 14 -1
4 8 4320 17030 12 12694 27460 11 -1
5 -1 -1 -1 10 10080 16013 15 9
6 7 15840 25061 2 16371 25061 13 -1
7 4 14400 27246 7 23665 39837 13 -1
8 11 15840 21626 9 16507 28528 8 -1
9 5 15840 17280 11 15840 24381 1 -1
10 11 21600 23626 6 22186 26970 27 -1
11 12 10080 22968 8 19557 27130 10 -1
12 -1 -1 -1 1 12960 17041 2 7
13 12 20160 24978 7 20160 41160 7 -1
14 8 11520 20793 2 11520 24044 18 -1
15 3 0 12505 7 2873 19538 3 -1
16 -1 -1 -1 9 14400 17972 2 1
17 2 23040 24650 4 23040 37097 18 -1
18 -1 -1 -1 4 11520 25351 17 4
19 11 2880 5430 10 2880 16367 10 -1
20 -1 -1 -1 6 18720 20160 7 3
21 9 20160 22372 5 20160 25408 5 -1
22 5 7200 19861 4 15377 28843 1 -1
23 -1 -1 -1 10 14400 16890 12 0
24 -1 -1 -1 12 7200 19779 18 3
25 10 14400 16225 2 14400 27414 9 -1
26 3 15840 24130 9 19977 29769 2 -1
27 6 7200 10965 0 10620 21952 26 -1
28 11 21600 25138 4 21600 26479 25 -1
29 7 15840 27134 9 23716 37759 17 -1
30 10 8640 12600 7 8640 15715 13 -1
31 7 12960 21213 3 16960 24432 1 -1
32 12 1440 2880 4 1440 9756 12 -1
33 -1 -1 -1 1 7200 20549 5 1
34 -1 -1 -1 7 10080 17127 2 2
35 6 18720 20642 10 18720 21702 17 -1
36 -1 -1 -1 4 8640 24990 15 6
37 -1 -1 -1 11 2880 11531 16 7
38 -1 -1 -1 9 21600 30544 3 8
39 3 14400 26960 11 18147 34625 21 -1
40 1 5760 18904 5 12716 21539 12 -1
41 -1 -1 -1 1 2880 14340 12 1
42 5 14400 16016 6 14400 19945 13 -1
43 -1 -1 -1 2 7200 14521 22 1
44 2 5760 13961 5 5760 14893 8 -1
45 2 18720 27115 6 21803 34765 11 -1
46 10 23040 24480 4 23040 32074 16 -1
47 2 2880 8921 5 8651 11018 26 -1
48 -1 -1 -1 10 15840 21726 5 3
49 -1 -1 -1 3 7200 13786 11 6
50 -1 -1 -1 0 4320 22662 4 9
51 11 10080 14820 6 13873 24068 18 -1
52 5 15840 23327 8 22126 33495 11 -1
53 7 17280 25354 8 20187 26169 13 -1
54 10 15840 17678 2 15840 28732 35 -1
55 7 14400 27165 0 23043 27165 15 -1
56 11 12960 23959 0 18147 31227 8 -1
57 8 7200 18078 7 15293 18905 13 -1
58 -1 -1 -1 12 5760 15857 1 1
59 7 18720 23869 2 20137 40036 9 -1
60 -1 -1 -1 2 23040 31654 17 6
61 4 5760 12538 11 7911 21580 13 -1
62 7 23040 24527 9 23040 32965 1 -1
63 11 10080 13359 1 11685 16589 16 -1
64 -1 -1 -1 0 20160 26148 1 8
65 12 4320 10433 7 6279 22690 14 -1
66 12 17280 23282 5 19884 31951 14 -1
67 8 15840 23420 3 18338 23420 1 -1
68 11 14400 23056 2 17448 28301 21 -1
69 -1 -1 -1 0 17280 25920 14 5
70 8 24480 25920 9 24480 34742 9 -1
71 12 18720 26579 2 20241 30819 7 -1
72 -1 -1 -1 2 17280 25623 2 7
73 7 15840 19130 8 16145 22729 1 -1
74 7 12960 19112 1 13582 25422 2 -1
75 -1 -1 -1 6 0 10282 17 2
76 8 4320 11784 11 9825 11784 4 -1
77 3 10080 19045 9 15227 28392 36 -1
78 6 11520 20864 5 19664 32797 9 -1
79 4 5760 10868 3 5760 10937 1 -1
80 3 11520 17848 7 18436 24432 11 -1
81 0 1440 8827 3 7242 17354 3 -1
82 4 11520 22572 1 18341 33874 11 -1
83 7 15840 17280 1 15840 31908 14 -1
84 4 4320 13613 9 7639 19292 40 -1
85 7 0 5845 0 0 7674 6 -1
86 -1 -1 -1 12 15840 27620 23 1
87 12 11520 25471 9 19013 25471 17 -1
88 5 1440 9552 1 4168 12354 22 -1
89 6 5760 13952 3 10503 16168 17 -1
90 -1 -1 -1 9 18720 25819 24 6
91 -1 -1 -1 7 2880 17417 5 4
92 12 17280 24357 10 17280 31557 5 -1
93 4 24480 28147 -1 -1 -1 2 -1
94 6 14400 17511 0 14400 26063 11 -1
95 4 2880 4320 2 2880 9165 3 -1
96 0 8640 23142 3 16133 27391 6 -1
97 -1 -1 -1 7 5760 9632 7 4
98 12 1440 9187 9 7747 9187 1 -1
99 1 1440 8424 4 4796 11951 11 -1
100 -1 -1 -1 12 21600 24550 22 2
101 -1 -1 -1 12 8640 29640 31 9
102 7 15840 27986 -1 -1 -1 7 -1
103 8 4320 14349 3 10387 25733 10 -1
104 11 14400 21940 5 14400 26308 4 -1
105 7 10080 14019 10 10666 15580 2 -1
106 7 15840 24948 4 21875 31656 8 -1
107 6 5760 12453 9 6467 15628 13 -1
108 8 5760 18805 3 14681 21182 6 -1
109 11 7200 20241 5 12681 22395 8 -1
110 2 7200 10768 12 11176 18580 10 -1
111 7 25920 27360 1 25920 28075 9 -1
112 12 4320 10794 1 5770 21595 13 -1
113 0 0 6899 4 2098 18899 4 -1
114 5 4320 8427 1 4320 18643 21 -1
115 5 15840 23007 3 15840 25012 1 -1
116 11 1440 11919 0 3919 22883 2 -1
117 5 7200 9044 11 10818 19064 1 -1
118 -1 -1 -1 11 7200 15343 1 3
119 -1 -1 -1 6 5760 19858 16 5
120 0 8640 16801 10 12103 19421 13 -1
121 9 14400 24280 12 22465 24957 23 -1
122 2 23040 27194 10 27117 34066 20 -1
123 -1 -1 -1 9 15840 24369 7 1
124 2 12960 21184 6 12960 27120 6 -1
125 -1 -1 -1 1 11520 18443 12 3
126 -1 -1 -1 5 14400 24019 2 8
127 5 5760 12353 2 5760 12518 12 -1
128 12 18720 20974 1 18720 30874 29 -1
129 1 14400 19878 12 16265 23654 10 -1
130 8 7200 17364 7 14370 28660 9 -1
131 10 7200 8789 12 7200 16831 9 -1
132 12 23040 24480 1 23040 29720 14 -1
133 8 1440 17205 2 10589 18795 9 -1
134 8 15840 22186 11 17759 22186 12 -1
135 0 18720 27597 -1 -1 -1 10 -1
136 4 21600 23040 8 21600 25748 2 -1
137 -1 -1 -1 11 7200 21910 8 0
138 10 2880 10984 8 10733 19542 1 -1
139 11 11520 17306 9 13133 23718 15 -1
140 12 7200 8640 8 7200 18007 25 -1
141 11 1440 13419 8 7297 24101 1 -1
142 8 25920 28765 -1 -1 -1 1 -1
143 2 7200 12541 5 7200 23781 10 -1
144 -1 -1 -1 4 5760 13846 8 4
145 5 1440 15185 9 13862 26889 25 -1
146 5 14400 24705 11 18973 28247 6 -1
147 -1 -1 -1 7 5760 19635 16 2
148 9 17280 19481 8 17280 25909 7 -1
149 -1 -1 -1 10 12960 29492 8 0
150 0 8640 18306 10 13036 21721 19 -1
151 7 8640 17809 12 12967 17809 8 -1
152 1 2880 10657 11 6825 20091 1 -1
153 1 10080 23139 12 17845 32528 9 -1
154 0 12960 19011 3 12960 24251 4 -1
155 11 1440 12966 0 6840 22120 6 -1
156 5 1440 5673 2 1440 8456 15 -1
157 -1 -1 -1 6 0 11871 3 2
158 3 11520 21789 8 13723 21789 6 -1
159 2 23040 25305 5 23040 35719 18 -1
160 12 10080 13949 7 10080 16981 14 -1
161 -1 -1 -1 0 8640 26337 10 1
162 2 5760 9641 4 7263 20933 25 -1
163 7 8640 20259 12 14132 21168 12 -1
164 7 7200 8640 9 7200 14130 27 -1
165 8 5760 16230 9 11909 25737 11 -1
166 -1 -1 -1 4 5760 10956 18 6
167 3 12960 18716 11 12960 22201 11 -1
168 -1 -1 -1 3 15840 25251 13 4
169 9 0 13373 7 7318 13432 38 -1
170 -1 -1 -1 1 0 7494 4 8
171 0 1440 5224 10 2243 20062 14 -1
172 -1 -1 -1 8 0 7964 10 4
173 7 5760 9321 2 5760 13692 16 -1
174 12 15840 18373 7 15840 34438 36 -1
175 -1 -1 -1 7 15840 25428 3 9
176 -1 -1 -1 2 5760 21091 14 8
177 -1 -1 -1 2 14400 33016 7 0
178 4 21600 23901 9 21600 31729 28 -1
179 2 8640 18618 8 12384 22161 14 -1
180 -1 -1 -1 3 15840 28835 33 0
181 -1 -1 -1 2 17280 28455 12 7
182 3 18720 20556 11 18720 28594 14 -1
183 -1 -1 -1 5 17280 28335 10 4
184 12 4320 9468 4 4320 11914 26 -1
185 11 10080 19932 5 13800 26877 14 -1
186 6 1440 2880 12 1440 9277 4 -1
187 3 20160 26939 12 24142 26939 2 -1
188 -1 -1 -1 7 2880 13751 34 2
189 12 21600 28371 -1 -1 -1 26 -1
190 0 5760 14069 4 5760 16439 1 -1
191 5 0 7011 4 0 10753 13 -1
192 4 7200 18418 3 13408 28371 13 -1
193 1 0 8251 10 4129 18040 15 -1
194 8 4320 25320 12 23880 25320 14 -1
195 6 21600 27285 1 22506 38816 7 -1
196 3 0 7885 7 4765 7885 12 -1
197 8 5760 10844 0 5760 17410 1 -1
198 0 12960 19921 7 14575 21071 31 -1
199 -1 -1 -1 9 4320 14695 18 4
200 10 7200 8640 4 7200 16812 3 -1
201 8 2880 10034 12 3611 20735 22 -1
202 9 20160 21600 1 20160 30218 8 -1
203 -1 -1 -1 7 17280 28752 10 4
204 -1 -1 -1 5 12960 21000 3 7
205 11 7200 10159 4 7933 15588 26 -1
206 12 4320 17287 6 11059 20708 17 -1
207 -1 -1 -1 10 15840 21035 13 9
208 0 2880 8622 12 7355 15998 10 -1
209 12 20160 26618 11 25364 34338 17 -1
210 -1 -1 -1 8 20160 38228 7 5
211 12 17280 18720 1 17989 29325 1 -1
212 7 17280 27347 11 22818 28849 2 -1
213 -1 -1 -1 5 18720 29199 5 3
214 12 20160 27654 -1 -1 -1 20 -1
215 12 21600 23040 8 21600 30028 11 -1
216 5 4320 14432 9 6855 14432 5 -1
217 6 11520 17509 8 14293 17509 14 -1
218 3 24480 25920 4 24480 40480 16 -1
219 4 11520 20501 8 13731 22142 21 -1
220 3 12960 24123 1 20048 25014 1 -1
221 -1 -1 -1 6 20160 28586 4 3
222 6 14400 25714 4 18654 25714 11 -1
223 1 15840 17606 4 15840 21783 8 -1
224 1 11520 16186 11 11520 22680 2 -1
225 0 11520 18662 4 12880 28035 8 -1
226 7 20160 27387 -1 -1 -1 9 -1
227 1 24480 26939 9 24480 31503 9 -1
228 -1 -1 -1 7 0 6622 9 7
229 5 10080 17680 12 13269 31054 29 -1
230 3 24480 26908 6 24480 40414 2 -1
231 0 1440 2983 1 2442 14975 1 -1
232 0 1440 4219 1 7409 23648 13 -1
233 -1 -1 -1 1 5760 15156 10 1
234 2 7200 11523 12 7200 21094 24 -1
235 4 15840 27303 1 23900 27303 10 -1
236 3 11520 21988 11 13589 21988 8 -1
237 4 7200 16848 9 12975 26884 6 -1
238 -1 -1 -1 5 0 12915 4 0
239 0 5760 21084 7 27426 33646 11 -1
240 -1 -1 -1 0 4320 9557 6 7
241 10 24480 27337 11 24480 34848 2 -1
242 -1 -1 -1 9 20160 31383 11 9
243 4 5760 17168 5 14271 32447 14 -1
244 6 17280 25096 10 19660 32086 3 -1
245 1 10080 17644 10 14472 34146 18 -1
246 7 23040 28729 -1 -1 -1 1 -1
247 11 5760 17246 3 13354 26266 7 -1
248 1 20160 27886 -1 -1 -1 11 -1
249 8 5760 12690 11 5857 15371 1 -1
250 -1 -1 -1 1 11520 21930 2 8
251 10 8640 14625 7 10160 17047 10 -1
252 8 11520 18000 10 11520 28512 26 -1
253 4 24480 27520 -1 -1 -1 7 -1
254 -1 -1 -1 0 1440 18449 1 0
255 10 5760 14564 6 8955 18999 4 -1
256 11 27360 28800 -1 -1 -1 25 -1
257 -1 -1 -1 8 7200 21333 13 9
258 10 17280 26089 12 23555 39781 2 -1
259 9 20160 24977 0 21236 29296 12 -1
260 -1 -1 -1 5 8640 18214 7 3
261 -1 -1 -1 12 10080 18070 10 7
262 11 10080 16286 3 14377 23066 7 -1
263 -1 -1 -1 4 17280 36858 6 2
264 2 4320 11642 5 4625 15059 7 -1
265 -1 -1 -1 7 12960 23847 1 4
266 7 12960 19369 8 13429 24866 18 -1
267 -1 -1 -1 11 17280 20385 3 0
268 12 0 1440 1 0 9927 16 -1
269 1 1440 12249 6 9346 18345 14 -1
270 7 5760 7200 5 5760 7200 8 -1
271 4 2880 17279 2 11626 19403 22 -1
272 -1 -1 -1 9 4320 14483 1 3
273 5 8640 14092 12 11077 22372 5 -1
274 6 4320 12688 9 4320 13134 9 -1
275 8 15840 19379 5 15840 22080 1 -1
276 1 20160 24050 8 21636 32796 17 -1
277 8 0 6106 11 1315 9547 21 -1
278 -1 -1 -1 8 21600 30353 7 8
279 8 15840 23818 1 22185 35229 3 -1
280 3 2880 11592 0 5265 12433 1 -1
281 10 8640 15961 3 9979 17348 1 -1
282 7 8640 14182 0 11395 14372 24 -1
283 7 12960 14400 3 12960 21116 9 -1
284 -1 -1 -1 2 2880 16113 4 6
285 10 11520 14646 6 11520 27667 13 -1
286 -1 -1 -1 0 7200 13522 13 8
287 1 2880 14315 4 11937 29558 2 -1
288 6 15840 17280 2 15840 24203 7 -1
289 4 1440 4837 8 1695 4837 11 -1
290 -1 -1 -1 8 5760 7200 4 9
291 12 15840 20754 5 15840 29033 1 -1
292 0 12960 15708 5 12960 20663 3 -1
293 1 18720 27627 -1 -1 -1 2 -1
294 -1 -1 -1 2 18720 27970 11 8
295 4 17280 27801 -1 -1 -1 16 -1
296 -1 -1 -1 1 8640 22655 5 9
297 11 2880 7109 12 4676 7109 4 -1
298 4 15840 28588 -1 -1 -1 1 -1
299 -1 -1 -1 11 0 11912 4 5
#Distance_Matrix [row=from col=to] (given in meters)
0	64100	64700	59000	68800	198000	190300	53600	54000	70000	189700	174900	68200	64700	
64100	0	10900	6200	6800	135700	131800	14800	10400	5900	131300	116400	13500	10900	
64700	10900	0	5800	4100	135700	125600	15100	11000	6000	125000	110200	17300	0	
59000	6200	5800	0	9800	141400	131300	9300	5300	11700	130800	116000	11600	5800	
68800	6800	4100	9800	0	131600	125000	19100	15100	1900	124500	109600	20300	4100	
198000	135700	135700	141400	131600	0	233000	144400	146100	129800	232500	217700	149200	135700	
190300	131800	125600	131300	125000	233000	0	140600	136600	126700	2500	26200	142900	125600	
53600	14800	15100	9300	19100	144400	140600	0	4400	20700	140100	125300	16600	15100	
54000	10400	11000	5300	15100	146100	136600	4400	0	16300	136000	121200	15300	11000	
70000	5900	6000	11700	1900	129800	126700	20700	16300	0	126100	111300	19400	6000	
189700	131300	125000	130800	124500	232500	2500	140100	136000	126100	0	25600	142300	125000	
174900	116400	110200	116000	109600	217700	26200	125300	121200	111300	25600	0	127500	110200	
68200	13500	17300	11600	20300	149200	142900	16600	15300	19400	142300	127500	0	17300	
64700	10900	0	5800	4100	135700	125600	15100	11000	6000	125000	110200	17300	0	
