##Problem_info
speed(meters/minute): 333
coupling_time: 15
decoupling_time: 15
body_capacity: 100
max_bodies: 4
total_number_of_nodes: 14
total_number_of_vessels: 5
total_number_of_bodies: 10
total_number_of_requests: 50
unscheduled_cost_coefficient: 10000
service_time: 2
##Nodes [id is_swap_location]   (-2 is only swap location/transfer | 1 is customer that allow a body to be dropped)
0 1
1 1
2 1
3 1
4 1
5 1
6 1
7 1
8 1
9 1
10 1
11 1
12 1
13 -2
##Vessel [id start_location start_time]
0 12 5
1 10 97
2 8 22
3 7 2
4 6 59
##Bodies [id attached_to_vessel start_location]  (if -1 for attached_to_vessel: body starts detached)
0 4 6
1 2 8
2 0 12
3 1 10
4 3 7
5 2 8
6 0 12
7 4 6
8 0 12
9 3 7
##Requests [id pickup_location_id pickup_from pickup_to delivery_location_id delivery_from delivery_to num_containers at_body_id]
0 1 15840 17830 4 15840 26397 15 -1
1 -1 -1 -1 4 11520 17020 22 9
2 -1 -1 -1 12 24480 30982 19 4
3 7 18720 21891 10 18720 32825 15 -1
4 -1 -1 -1 11 12960 23239 29 6
5 9 12960 17157 1 12960 23255 4 -1
6 -1 -1 -1 4 17280 19944 3 6
7 0 15840 22516 1 15881 24180 25 -1
8 -1 -1 -1 10 18720 34694 2 1
9 -1 -1 -1 8 18720 31656 6 3
10 -1 -1 -1 1 1440 10249 8 9
11 3 4320 8866 11 4320 16065 10 -1
12 6 0 13805 4 10018 21688 5 -1
13 7 1440 7789 5 1440 10899 12 -1
14 -1 -1 -1 10 2880 7654 17 8
15 7 23040 27946 -1 -1 -1 13 -1
16 2 20160 27834 -1 -1 -1 6 -1
17 0 23040 24480 9 23040 44040 8 -1
18 -1 -1 -1 1 8640 23780 26 6
19 -1 -1 -1 2 11520 21012 46 5
20 12 4320 10558 11 4969 12479 17 -1
21 -1 -1 -1 0 4320 10400 17 7
22 -1 -1 -1 0 2880 14251 17 4
23 12 7200 8640 8 7200 15702 13 -1
24 7 10080 11520 12 10080 11520 3 -1
25 -1 -1 -1 4 12960 29677 23 0
26 2 15840 27682 -1 -1 -1 24 -1
27 7 7200 12483 9 7200 13863 13 -1
28 -1 -1 -1 12 10080 28444 26 5
29 5 15840 26837 3 19368 28869 13 -1
30 -1 -1 -1 2 4320 17563 23 9
31 -1 -1 -1 12 18720 37758 7 3
32 5 2880 4320 2 3235 21159 6 -1
33 7 23040 27009 4 23040 31549 28 -1
34 -1 -1 -1 1 17280 24957 14 4
35 5 10080 23078 4 18789 23078 9 -1
36 2 10080 13570 4 11145 17330 20 -1
37 7 1440 6304 2 1440 8368 1 -1
38 0 4320 12676 4 5124 21304 4 -1
39 -1 -1 -1 0 4320 9881 4 9
40 -1 -1 -1 9 10080 24174 3 4
41 7 2880 12431 6 6127 18374 8 -1
42 12 8640 12657 0 8640 16883 7 -1
43 10 4320 13307 3 10329 18328 1 -1
44 11 20160 27877 -1 -1 -1 5 -1
45 1 0 10838 8 10899 27111 14 -1
46 3 12960 19589 0 14235 22983 11 -1
47 -1 -1 -1 10 14400 27045 1 9
48 12 5760 9521 0 5760 16580 9 -1
49 8 0 1440 4 0 5165 9 -1
#Distance_Matrix [row=from col=to] (given in meters)
0	64100	64700	59000	68800	198000	190300	53600	54000	70000	189700	174900	68200	64700	
64100	0	10900	6200	6800	135700	131800	14800	10400	5900	131300	116400	13500	10900	
64700	10900	0	5800	4100	135700	125600	15100	11000	6000	125000	110200	17300	0	
59000	6200	5800	0	9800	141400	131300	9300	5300	11700	130800	116000	11600	5800	
68800	6800	4100	9800	0	131600	125000	19100	15100	1900	124500	109600	20300	4100	
198000	135700	135700	141400	131600	0	233000	144400	146100	129800	232500	217700	149200	135700	
190300	131800	125600	131300	125000	233000	0	140600	136600	126700	2500	26200	142900	125600	
53600	14800	15100	9300	19100	144400	140600	0	4400	20700	140100	125300	16600	15100	
54000	10400	11000	5300	15100	146100	136600	4400	0	16300	136000	121200	15300	11000	
70000	5900	6000	11700	1900	129800	126700	20700	16300	0	126100	111300	19400	6000	
189700	131300	125000	130800	124500	232500	2500	140100	136000	126100	0	25600	142300	125000	
174900	116400	110200	116000	109600	217700	26200	125300	121200	111300	25600	0	127500	110200	
68200	13500	17300	11600	20300	149200	142900	16600	15300	19400	142300	127500	0	17300	
64700	10900	0	5800	4100	135700	125600	15100	11000	6000	125000	110200	17300	0	
