##Problem_info
speed(meters/minute): 333
coupling_time: 15
decoupling_time: 15
body_capacity: 100
max_bodies: 4
total_number_of_nodes: 14
total_number_of_vessels: 5
total_number_of_bodies: 10
total_number_of_requests: 100
unscheduled_cost_coefficient: 10000
service_time: 2
##Nodes [id is_swap_location]   (-2 is only swap location/transfer | 1 is customer that allow a body to be dropped)
0 1
1 1
2 1
3 1
4 1
5 1
6 1
7 1
8 1
9 1
10 1
11 1
12 1
13 -2
##Vessel [id start_location start_time]
0 13 0
1 11 146
2 10 0
3 9 16
4 8 122
##Bodies [id attached_to_vessel start_location]  (if -1 for attached_to_vessel: body starts detached)
0 3 9
1 -1 0
2 3 9
3 -1 6
4 0 13
5 4 8
6 -1 3
7 3 9
8 2 10
9 0 13
##Requests [id pickup_location_id pickup_from pickup_to delivery_location_id delivery_from delivery_to num_containers at_body_id]
0 7 14400 16533 0 14400 27241 9 -1
1 -1 -1 -1 12 20160 24344 12 2
2 12 4320 14200 10 5830 19551 5 -1
3 1 12960 25731 8 19999 26953 19 -1
4 5 12960 18381 1 14866 26588 6 -1
5 -1 -1 -1 8 14400 20628 5 2
6 8 8640 24367 0 13497 34497 3 -1
7 7 8640 10093 5 8640 17476 2 -1
8 10 1440 8584 4 1440 14237 1 -1
9 2 4320 11907 10 4791 23450 1 -1
10 11 7200 8640 10 7200 17468 12 -1
11 10 8640 10080 9 8640 21941 10 -1
12 5 10080 15841 4 14401 15841 1 -1
13 11 12960 21584 10 20137 35038 3 -1
14 -1 -1 -1 10 5760 16000 9 8
15 -1 -1 -1 4 10080 23542 8 8
16 0 2880 14417 2 14706 24707 22 -1
17 6 5760 18447 1 10932 27062 17 -1
18 12 1440 3189 8 1440 19791 1 -1
19 -1 -1 -1 6 2880 13832 10 5
20 4 7200 19888 1 16115 28389 6 -1
21 3 2880 12854 1 6983 22617 1 -1
22 -1 -1 -1 0 5760 16413 6 8
23 10 14400 24794 5 20112 27309 1 -1
24 5 11520 19365 9 17131 32694 1 -1
25 -1 -1 -1 8 1440 13804 4 0
26 8 2880 4737 11 2880 6334 17 -1
27 6 17280 27075 11 21263 30883 8 -1
28 12 10080 16173 1 10080 29753 15 -1
29 3 5760 14347 4 12907 14347 12 -1
30 -1 -1 -1 7 17280 25163 7 3
31 -1 -1 -1 7 12960 20068 1 8
32 -1 -1 -1 12 12960 33960 14 0
33 -1 -1 -1 6 17280 32061 11 4
34 3 4320 13124 2 6663 14006 22 -1
35 -1 -1 -1 10 8640 21183 13 1
36 -1 -1 -1 6 2880 12119 10 0
37 1 5760 13483 2 8140 19879 8 -1
38 7 23040 25798 11 23040 32443 6 -1
39 -1 -1 -1 2 0 13142 22 3
40 7 7200 14925 5 10378 15188 17 -1
41 -1 -1 -1 0 2880 15688 18 6
42 5 20160 24553 10 20440 31231 1 -1
43 -1 -1 -1 3 10080 21647 2 3
44 8 10080 20583 6 16850 20642 13 -1
45 5 24480 28228 -1 -1 -1 18 -1
46 0 8640 15477 3 11370 23630 6 -1
47 -1 -1 -1 2 14400 27691 15 1
48 -1 -1 -1 8 4320 13898 1 0
49 4 2880 10796 10 7801 17482 12 -1
50 -1 -1 -1 10 0 21000 22 5
51 6 18720 24953 11 18720 27941 1 -1
52 -1 -1 -1 10 12960 22122 19 8
53 -1 -1 -1 12 1440 16761 1 7
54 -1 -1 -1 7 0 7460 3 9
55 11 11520 20144 1 13324 24168 1 -1
56 3 4320 13816 7 7572 16996 17 -1
57 4 5760 9057 11 5760 18372 17 -1
58 6 17280 21522 9 17280 25387 2 -1
59 -1 -1 -1 4 2880 20791 23 1
60 9 10080 16845 7 10080 19331 1 -1
61 -1 -1 -1 2 10080 21102 8 5
62 3 4320 21066 5 21847 37893 22 -1
63 4 21600 26203 8 21600 27002 10 -1
64 0 11520 26610 3 19018 34172 18 -1
65 9 17280 27146 0 21947 32432 11 -1
66 8 11520 12960 5 11520 22077 6 -1
67 -1 -1 -1 0 12960 22573 4 7
68 2 8640 10749 10 8640 21729 9 -1
69 2 25920 27360 12 25920 35937 4 -1
70 3 4320 13209 6 4320 13930 18 -1
71 -1 -1 -1 9 5760 13064 8 3
72 1 14400 21315 3 19123 34775 30 -1
73 10 2880 15659 1 13420 15659 19 -1
74 12 5760 8283 6 5760 19764 22 -1
75 2 15840 23014 12 19352 23344 19 -1
76 7 4320 11065 1 7106 24387 8 -1
77 -1 -1 -1 5 8640 17564 10 8
78 12 0 5785 8 6232 26436 11 -1
79 4 21600 24876 6 21600 41672 3 -1
80 8 0 4767 1 1761 8508 1 -1
81 3 5760 9153 9 5760 13073 6 -1
82 6 15840 21784 7 18156 25612 3 -1
83 12 27360 28800 -1 -1 -1 4 -1
84 1 0 11227 7 9787 11227 13 -1
85 -1 -1 -1 7 15840 25990 4 6
86 -1 -1 -1 5 11520 19457 2 7
87 8 12960 14787 11 12960 23946 22 -1
88 8 14400 25074 0 20871 29561 23 -1
89 7 5760 14236 11 10608 22894 6 -1
90 5 11520 20313 6 18300 22717 17 -1
91 0 15840 19553 2 15840 25806 10 -1
92 6 14400 25138 12 20465 41465 12 -1
93 -1 -1 -1 11 2880 8999 23 8
94 -1 -1 -1 11 18720 25526 7 4
95 8 4320 11760 11 10399 26737 13 -1
96 3 5760 19380 2 17685 31012 5 -1
97 7 12960 14400 1 12960 22412 11 -1
98 0 7200 15131 8 12246 23547 4 -1
99 3 15840 17280 10 15840 24182 5 -1
#Distance_Matrix [row=from col=to] (given in meters)
0	64100	64700	59000	68800	198000	190300	53600	54000	70000	189700	174900	68200	64700	
64100	0	10900	6200	6800	135700	131800	14800	10400	5900	131300	116400	13500	10900	
64700	10900	0	5800	4100	135700	125600	15100	11000	6000	125000	110200	17300	0	
59000	6200	5800	0	9800	141400	131300	9300	5300	11700	130800	116000	11600	5800	
68800	6800	4100	9800	0	131600	125000	19100	15100	1900	124500	109600	20300	4100	
198000	135700	135700	141400	131600	0	233000	144400	146100	129800	232500	217700	149200	135700	
190300	131800	125600	131300	125000	233000	0	140600	136600	126700	2500	26200	142900	125600	
53600	14800	15100	9300	19100	144400	140600	0	4400	20700	140100	125300	16600	15100	
54000	10400	11000	5300	15100	146100	136600	4400	0	16300	136000	121200	15300	11000	
70000	5900	6000	11700	1900	129800	126700	20700	16300	0	126100	111300	19400	6000	
189700	131300	125000	130800	124500	232500	2500	140100	136000	126100	0	25600	142300	125000	
174900	116400	110200	116000	109600	217700	26200	125300	121200	111300	25600	0	127500	110200	
68200	13500	17300	11600	20300	149200	142900	16600	15300	19400	142300	127500	0	17300	
64700	10900	0	5800	4100	135700	125600	15100	11000	6000	125000	110200	17300	0	
