##Problem_info
speed(meters/minute): 333
coupling_time: 15
decoupling_time: 15
body_capacity: 100
max_bodies: 4
total_number_of_nodes: 14
total_number_of_vessels: 5
total_number_of_bodies: 10
total_number_of_requests: 150
unscheduled_cost_coefficient: 10000
service_time: 2
##Nodes [id is_swap_location]   (-2 is only swap location/transfer | 1 is customer that allow a body to be dropped)
0 1
1 1
2 1
3 1
4 1
5 1
6 1
7 1
8 1
9 1
10 1
11 1
12 1
13 -2
##Vessel [id start_location start_time]
0 10 51
1 8 180
2 7 18
3 5 2
4 4 6
##Bodies [id attached_to_vessel start_location]  (if -1 for attached_to_vessel: body starts detached)
0 3 5
1 1 8
2 0 10
3 2 7
4 -1 9
5 3 5
6 1 8
7 0 10
8 2 7
9 1 8
##Requests [id pickup_location_id pickup_from pickup_to delivery_location_id delivery_from delivery_to num_containers at_body_id]
0 3 21600 24915 9 21600 32104 1 -1
1 -1 -1 -1 5 14400 25392 16 6
2 1 11520 24829 9 21928 24829 18 -1
3 -1 -1 -1 10 8640 14705 4 8
4 -1 -1 -1 8 15840 17280 3 1
5 11 11520 22735 9 11520 26654 3 -1
6 1 5760 11142 3 6278 13232 18 -1
7 -1 -1 -1 10 18720 32150 2 6
8 12 11520 24615 9 28677 41354 2 -1
9 5 17280 23576 2 17280 31308 27 -1
10 11 23040 27712 -1 -1 -1 6 -1
11 10 14400 20246 4 14594 27616 6 -1
12 12 20160 28294 -1 -1 -1 3 -1
13 -1 -1 -1 10 17280 24717 3 1
14 -1 -1 -1 4 18720 25258 15 7
15 12 7200 14298 9 9988 22861 5 -1
16 7 8640 18510 6 11214 18510 2 -1
17 -1 -1 -1 12 4320 17491 4 1
18 6 18720 20160 0 18720 30929 3 -1
19 7 7200 9537 8 7200 22072 8 -1
20 2 15840 20429 4 15840 27736 9 -1
21 -1 -1 -1 1 14400 19389 1 5
22 2 0 10812 5 7699 14227 5 -1
23 -1 -1 -1 11 1440 11563 3 7
24 11 12960 20540 7 12960 25052 12 -1
25 5 5760 15510 6 12139 18188 7 -1
26 6 15840 25599 7 22689 37981 3 -1
27 10 4320 10358 4 4320 21427 6 -1
28 7 14400 15966 5 14400 23553 13 -1
29 7 11520 21597 1 12344 21597 1 -1
30 11 14400 17741 1 14400 25132 6 -1
31 -1 -1 -1 8 18720 29251 13 6
32 0 12960 22202 7 23754 28769 10 -1
33 -1 -1 -1 8 7200 12928 11 5
34 -1 -1 -1 2 10080 22038 20 3
35 8 7200 17371 10 15674 17371 10 -1
36 12 15840 22433 0 15840 32166 6 -1
37 -1 -1 -1 11 14400 23614 13 9
38 9 10080 16289 3 10633 16289 14 -1
39 4 15840 22422 6 18815 29990 11 -1
40 10 17280 24967 4 21522 28859 13 -1
41 10 10080 25634 2 19256 28621 2 -1
42 6 10080 19267 1 11940 19732 17 -1
43 1 18720 20160 3 18720 35164 32 -1
44 7 11520 24117 4 16301 24117 8 -1
45 10 11520 21054 7 14720 29609 7 -1
46 2 2880 4320 1 2880 14914 8 -1
47 -1 -1 -1 7 12960 18695 9 9
48 10 8640 15968 11 10093 26985 7 -1
49 0 15840 24953 8 15840 29212 1 -1
50 12 7200 14348 1 7548 21038 19 -1
51 -1 -1 -1 1 0 8201 11 9
52 5 15840 20497 4 18712 20497 1 -1
53 12 7200 17399 1 12569 18340 11 -1
54 11 1440 5129 1 1440 12890 8 -1
55 1 10080 20567 11 18810 23987 16 -1
56 8 18720 27805 -1 -1 -1 4 -1
57 0 0 7449 9 569 7449 7 -1
58 -1 -1 -1 6 8640 12864 27 0
59 -1 -1 -1 11 5760 16912 17 5
60 8 25920 27360 1 25920 35765 13 -1
61 -1 -1 -1 6 0 13886 2 2
62 7 0 8252 1 1492 8252 23 -1
63 9 8640 15967 1 10251 15967 2 -1
64 -1 -1 -1 6 11520 26064 6 0
65 -1 -1 -1 11 2880 17398 7 1
66 8 10080 18337 5 12716 26495 24 -1
67 3 14400 20381 1 16249 25139 1 -1
68 -1 -1 -1 7 12960 18871 12 6
69 1 4320 12604 8 8553 14267 14 -1
70 3 11520 16631 9 13015 25391 11 -1
71 -1 -1 -1 10 17280 22056 9 7
72 11 10080 15838 1 11381 15838 19 -1
73 12 8640 14248 2 8640 17084 25 -1
74 5 17280 26054 12 19706 27200 10 -1
75 11 4320 19598 1 14154 26101 4 -1
76 5 0 12178 10 6933 20108 15 -1
77 -1 -1 -1 9 7200 19726 3 3
78 6 20160 21600 5 20160 30230 3 -1
79 -1 -1 -1 7 7200 21455 3 8
80 5 1440 8425 2 6894 22376 7 -1
81 -1 -1 -1 1 12960 18347 4 8
82 1 2880 6766 9 2880 14551 1 -1
83 -1 -1 -1 6 15840 34560 1 7
84 9 15840 17280 12 15840 24888 22 -1
85 11 1440 11837 2 2046 14545 16 -1
86 7 24480 28269 -1 -1 -1 16 -1
87 3 11520 17667 7 11520 24170 15 -1
88 -1 -1 -1 6 11520 17976 6 3
89 4 2880 4967 12 2880 20498 1 -1
90 -1 -1 -1 2 11520 18382 5 6
91 10 7200 16710 8 13863 22722 11 -1
92 -1 -1 -1 1 14400 26563 26 9
93 -1 -1 -1 12 5760 19551 13 0
94 5 11520 20739 9 14562 24357 3 -1
95 6 2880 9929 12 6386 18186 20 -1
96 7 8640 19669 12 14106 19669 6 -1
97 8 18720 27081 2 23651 33400 23 -1
98 12 8640 16581 5 13050 16581 5 -1
99 4 5760 12999 8 10942 20415 2 -1
100 8 12960 23780 10 20079 37877 21 -1
101 2 23040 24480 11 23040 36525 32 -1
102 7 14400 25614 11 24174 25614 26 -1
103 3 1440 2880 7 1440 11186 1 -1
104 0 2880 14175 1 6480 26883 14 -1
105 2 20160 22961 10 20160 24696 28 -1
106 2 12960 21868 10 12960 27091 7 -1
107 4 14400 27050 10 16105 27050 20 -1
108 3 20160 22867 11 20160 28968 22 -1
109 1 2880 7045 8 2880 10595 15 -1
110 3 7200 10839 5 7200 24459 16 -1
111 4 10080 11930 6 10080 12929 23 -1
112 10 8640 16596 6 8640 19860 2 -1
113 11 7200 11378 7 7200 20789 14 -1
114 5 15840 21368 4 15840 23336 1 -1
115 7 21600 23040 0 21600 26458 5 -1
116 3 0 4115 4 0 11565 7 -1
117 7 12960 20996 9 14753 26945 25 -1
118 -1 -1 -1 5 0 12397 1 2
119 -1 -1 -1 5 24480 35259 19 8
120 11 15840 17280 1 15840 20907 1 -1
121 12 15840 27911 -1 -1 -1 22 -1
122 3 2880 5530 12 2880 8836 16 -1
123 4 4320 5760 11 4320 13607 3 -1
124 8 12960 27644 -1 -1 -1 2 -1
125 -1 -1 -1 0 14400 20794 5 5
126 7 2880 11509 4 12326 20233 11 -1
127 2 5760 16823 3 12617 21528 17 -1
128 -1 -1 -1 0 18720 32707 1 8
129 2 0 4734 7 0 15601 9 -1
130 -1 -1 -1 1 0 7290 21 9
131 10 14400 15840 6 14400 24778 6 -1
132 9 2880 13302 8 5115 16934 12 -1
133 7 21600 26359 3 21600 33168 2 -1
134 9 10080 14508 2 15910 26830 27 -1
135 -1 -1 -1 10 2880 11298 25 8
136 -1 -1 -1 4 0 16123 20 4
137 5 15840 19108 4 15840 28028 11 -1
138 8 4320 14338 12 5510 15144 28 -1
139 4 12960 21842 0 16494 31706 6 -1
140 -1 -1 -1 4 5760 16255 5 0
141 0 7200 18306 10 14858 28352 16 -1
142 -1 -1 -1 8 5760 15297 10 2
143 -1 -1 -1 2 25920 40536 7 8
144 5 2880 8867 6 4381 20353 18 -1
145 -1 -1 -1 5 2880 15530 11 4
146 12 18720 23708 7 19741 33336 1 -1
147 -1 -1 -1 0 14400 24060 41 0
148 9 14400 24627 2 22772 31934 4 -1
149 4 11520 21030 7 15103 21572 22 -1
#Distance_Matrix [row=from col=to] (given in meters)
0	64100	64700	59000	68800	198000	190300	53600	54000	70000	189700	174900	68200	64700	
64100	0	10900	6200	6800	135700	131800	14800	10400	5900	131300	116400	13500	10900	
64700	10900	0	5800	4100	135700	125600	15100	11000	6000	125000	110200	17300	0	
59000	6200	5800	0	9800	141400	131300	9300	5300	11700	130800	116000	11600	5800	
68800	6800	4100	9800	0	131600	125000	19100	15100	1900	124500	109600	20300	4100	
198000	135700	135700	141400	131600	0	233000	144400	146100	129800	232500	217700	149200	135700	
190300	131800	125600	131300	125000	233000	0	140600	136600	126700	2500	26200	142900	125600	
53600	14800	15100	9300	19100	144400	140600	0	4400	20700	140100	125300	16600	15100	
54000	10400	11000	5300	15100	146100	136600	4400	0	16300	136000	121200	15300	11000	
70000	5900	6000	11700	1900	129800	126700	20700	16300	0	126100	111300	19400	6000	
189700	131300	125000	130800	124500	232500	2500	140100	136000	126100	0	25600	142300	125000	
174900	116400	110200	116000	109600	217700	26200	125300	121200	111300	25600	0	127500	110200	
68200	13500	17300	11600	20300	149200	142900	16600	15300	19400	142300	127500	0	17300	
64700	10900	0	5800	4100	135700	125600	15100	11000	6000	125000	110200	17300	0	
