##Problem_info
speed(meters/minute): 333
coupling_time: 15
decoupling_time: 15
body_capacity: 100
max_bodies: 4
total_number_of_nodes: 14
total_number_of_vessels: 5
total_number_of_bodies: 10
total_number_of_requests: 250
unscheduled_cost_coefficient: 10000
service_time: 2
##Nodes [id is_swap_location]   (-2 is only swap location/transfer | 1 is customer that allow a body to be dropped)
0 1
1 1
2 1
3 1
4 1
5 1
6 1
7 1
8 1
9 1
10 1
11 1
12 1
13 -2
##Vessel [id start_location start_time]
0 1 15
1 3 36
2 5 119
3 12 104
4 11 174
##Bodies [id attached_to_vessel start_location]  (if -1 for attached_to_vessel: body starts detached)
0 2 5
1 -1 0
2 4 11
3 0 1
4 3 12
5 2 5
6 0 1
7 4 11
8 2 5
9 -1 7
##Requests [id pickup_location_id pickup_from pickup_to delivery_location_id delivery_from delivery_to num_containers at_body_id]
0 11 23040 26208 9 23040 31997 11 -1
1 8 10080 15303 10 11308 23699 1 -1
2 12 15840 24025 4 19383 32288 22 -1
3 9 20160 24792 6 20723 26609 13 -1
4 2 12960 24599 12 21989 30401 2 -1
5 2 18720 24895 5 22303 39682 7 -1
6 -1 -1 -1 9 0 14538 19 4
7 8 15840 22457 2 19145 27102 4 -1
8 3 10080 23929 8 19739 28946 23 -1
9 5 1440 2880 1 1440 13798 5 -1
10 4 14400 24717 0 20246 28873 6 -1
11 9 4320 15880 0 15461 27919 10 -1
12 0 11520 16799 10 12147 29861 1 -1
13 -1 -1 -1 2 10080 17300 27 1
14 0 17280 21586 1 17280 24659 19 -1
15 4 10080 14009 11 10080 18931 20 -1
16 -1 -1 -1 1 7200 17534 1 7
17 6 14400 19502 3 17113 30612 1 -1
18 9 21600 28397 -1 -1 -1 20 -1
19 6 0 7601 2 6469 22111 6 -1
20 2 8640 18661 8 16142 20739 7 -1
21 12 17280 27240 9 20837 32406 3 -1
22 -1 -1 -1 3 17280 23460 1 5
23 2 2880 9115 7 7309 17110 27 -1
24 6 20160 24176 3 20160 36161 19 -1
25 11 10080 12563 9 10080 20115 12 -1
26 0 17280 24574 7 24237 29780 39 -1
27 7 4320 13196 12 6096 19791 20 -1
28 5 4320 13491 11 4652 20201 6 -1
29 6 5760 14299 10 7006 19822 8 -1
30 6 12960 25175 0 19763 31345 14 -1
31 0 1440 7175 6 9753 17729 22 -1
32 -1 -1 -1 10 14400 19207 4 3
33 3 5760 11908 12 12397 23619 4 -1
34 9 10080 22204 0 20038 22204 11 -1
35 -1 -1 -1 8 5760 18570 17 0
36 -1 -1 -1 3 5760 22320 5 4
37 -1 -1 -1 9 12960 16705 20 7
38 -1 -1 -1 4 7200 9922 2 1
39 10 11520 15199 5 11987 20771 9 -1
40 3 4320 10199 9 4320 16764 1 -1
41 10 5760 12710 2 11334 26549 6 -1
42 3 4320 5863 5 4320 10115 5 -1
43 5 18720 26989 10 20162 32215 1 -1
44 8 1440 12414 6 11971 21357 18 -1
45 -1 -1 -1 12 7200 23115 1 7
46 6 4320 14481 7 14658 17427 13 -1
47 4 11520 18406 12 14303 26734 18 -1
48 4 17280 23853 9 18215 29914 6 -1
49 -1 -1 -1 8 7200 11653 1 5
50 6 4320 19595 8 14388 22883 18 -1
51 -1 -1 -1 0 15840 28286 1 8
52 3 11520 17223 9 11520 20330 4 -1
53 1 12960 23037 0 18836 32699 4 -1
54 12 15840 24889 9 19981 34226 4 -1
55 10 14400 24164 11 17976 27794 7 -1
56 9 0 3763 7 78 6470 8 -1
57 3 18720 22697 12 18720 27423 7 -1
58 -1 -1 -1 3 11520 20404 1 9
59 10 4320 10538 8 8053 22929 4 -1
60 1 8640 13556 7 8640 21568 20 -1
61 9 4320 5760 3 4320 7236 13 -1
62 2 4320 17735 11 12914 29137 13 -1
63 1 1440 7476 6 1440 7661 7 -1
64 -1 -1 -1 0 17280 32325 3 0
65 -1 -1 -1 5 12960 22636 1 4
66 -1 -1 -1 11 10080 26511 12 1
67 12 14400 26928 0 27747 37550 11 -1
68 12 11520 22000 4 23721 31518 4 -1
69 11 24480 27389 -1 -1 -1 1 -1
70 0 14400 21048 1 21128 31294 18 -1
71 9 4320 13210 0 4320 18371 12 -1
72 -1 -1 -1 1 5760 13433 31 7
73 5 11520 15032 11 11520 25839 3 -1
74 12 10080 21404 6 18766 30136 4 -1
75 10 12960 24508 0 19671 29814 4 -1
76 5 4320 15550 8 8356 18188 12 -1
77 12 1440 7415 3 2220 12197 10 -1
78 9 0 5390 10 3343 14335 1 -1
79 9 0 5596 10 565 7719 5 -1
80 6 11520 15340 5 11520 19984 32 -1
81 -1 -1 -1 10 4320 13292 9 0
82 3 0 9397 4 4645 13396 2 -1
83 5 17280 27202 6 25762 27202 22 -1
84 -1 -1 -1 7 2880 13688 10 5
85 8 10080 13956 6 10793 13956 13 -1
86 -1 -1 -1 6 17280 21655 6 0
87 3 10080 21366 12 14106 31804 39 -1
88 12 15840 24869 3 19782 24869 3 -1
89 12 0 3001 3 0 7951 12 -1
90 10 25920 28516 -1 -1 -1 24 -1
91 6 10080 22515 11 16815 27594 20 -1
92 12 15840 17280 8 15840 28141 4 -1
93 10 27360 28800 -1 -1 -1 9 -1
94 11 18720 21448 2 20008 21448 18 -1
95 5 7200 16498 0 13487 21416 4 -1
96 5 20160 25298 10 22893 33894 2 -1
97 8 10080 19413 2 14809 20907 13 -1
98 -1 -1 -1 12 17280 34384 3 0
99 4 4320 10996 8 5637 14806 7 -1
100 6 12960 14609 4 12960 22628 9 -1
101 2 11520 13752 0 11520 25722 2 -1
102 0 11520 12960 10 11952 14629 29 -1
103 -1 -1 -1 2 8640 20237 8 7
104 5 18720 26024 3 20908 26024 15 -1
105 4 2880 16354 2 10639 26558 7 -1
106 -1 -1 -1 3 10080 19112 14 6
107 0 24480 26682 12 24480 41635 6 -1
108 4 20160 22633 2 20160 28874 3 -1
109 2 1440 9940 0 6397 20144 12 -1
110 -1 -1 -1 10 15840 35989 3 9
111 -1 -1 -1 12 2880 13796 7 0
112 2 15840 26515 11 22692 26515 18 -1
113 -1 -1 -1 7 2880 12092 6 4
114 1 1440 9205 2 1440 12449 1 -1
115 10 15840 20880 11 15840 26234 24 -1
116 1 0 10083 12 3362 10083 11 -1
117 1 27360 28800 -1 -1 -1 4 -1
118 7 20160 28441 -1 -1 -1 23 -1
119 0 23040 28372 -1 -1 -1 26 -1
120 3 25920 27360 2 25920 34670 16 -1
121 3 10080 17263 5 15823 17263 8 -1
122 8 17280 28321 -1 -1 -1 19 -1
123 -1 -1 -1 7 0 12757 9 0
124 -1 -1 -1 10 8640 19674 31 6
125 10 8640 14712 2 13272 14712 12 -1
126 -1 -1 -1 2 17280 22308 6 6
127 1 5760 10267 4 7614 19897 11 -1
128 12 20160 21600 5 20160 34888 10 -1
129 8 12960 18472 11 12960 22435 1 -1
130 -1 -1 -1 4 25920 44630 6 4
131 7 21600 27120 8 21600 29631 2 -1
132 2 0 6517 5 1858 17853 6 -1
133 -1 -1 -1 4 8640 15368 17 8
134 12 2880 10944 11 2880 17567 1 -1
135 -1 -1 -1 11 0 11671 5 1
136 2 5760 20842 7 15425 21635 20 -1
137 -1 -1 -1 2 7200 16534 15 3
138 -1 -1 -1 9 10080 22442 7 4
139 9 21600 24770 2 21600 34820 10 -1
140 -1 -1 -1 5 10080 19621 5 8
141 12 4320 8655 10 4320 15351 5 -1
142 -1 -1 -1 9 18720 30374 13 4
143 -1 -1 -1 10 23040 41623 15 8
144 -1 -1 -1 5 14400 23564 9 3
145 11 5760 14831 8 14719 31112 8 -1
146 12 17280 21054 9 18317 26093 15 -1
147 0 21600 24465 11 21600 30601 18 -1
148 2 8640 17261 9 11966 26020 27 -1
149 3 23040 28510 -1 -1 -1 1 -1
150 -1 -1 -1 2 17280 25455 9 9
151 3 4320 16762 2 13989 30468 11 -1
152 5 25920 27717 -1 -1 -1 7 -1
153 -1 -1 -1 2 5760 25202 2 9
154 5 7200 16780 0 9843 16780 12 -1
155 4 2880 6690 3 2880 15193 3 -1
156 11 0 1440 1 0 7827 2 -1
157 3 12960 14400 11 12960 22495 23 -1
158 4 14400 22213 10 20664 29852 22 -1
159 -1 -1 -1 1 23040 29871 15 1
160 8 10080 20092 3 13354 27842 2 -1
161 -1 -1 -1 10 23040 28066 11 8
162 6 2880 15508 5 13055 25903 1 -1
163 5 10080 16180 0 12123 16180 19 -1
164 5 2880 7301 3 4045 16595 1 -1
165 12 10080 14978 11 10080 17882 8 -1
166 2 12960 14400 1 12960 25910 10 -1
167 6 2880 7213 5 3271 12513 9 -1
168 10 15840 25366 4 23926 25366 1 -1
169 1 1440 4105 11 1440 12796 7 -1
170 9 2880 13098 3 10201 19206 21 -1
171 -1 -1 -1 0 2880 14606 11 2
172 3 0 14828 10 8788 19927 9 -1
173 2 4320 17509 7 12331 25161 1 -1
174 4 4320 5760 1 4320 19485 8 -1
175 6 18720 26143 9 18720 32907 3 -1
176 5 24480 27980 -1 -1 -1 6 -1
177 4 12960 18127 1 14862 18127 12 -1
178 -1 -1 -1 7 20160 34314 4 8
179 7 20160 23783 4 20160 29114 10 -1
180 12 12960 21034 6 12960 26918 21 -1
181 11 11520 12960 3 11520 20892 11 -1
182 -1 -1 -1 12 18720 35337 43 0
183 9 17280 19543 2 17280 21419 10 -1
184 -1 -1 -1 0 2880 4320 19 7
185 10 8640 16866 12 8640 20543 21 -1
186 6 10080 21177 2 16753 29468 8 -1
187 -1 -1 -1 10 5760 18400 15 3
188 7 5760 15392 9 10648 20587 6 -1
189 -1 -1 -1 8 14400 27091 4 8
190 0 10080 18704 11 13480 24427 12 -1
191 9 10080 20936 4 19838 24429 7 -1
192 0 2880 14010 11 8244 26737 6 -1
193 -1 -1 -1 2 8640 12886 11 1
194 10 20160 24579 3 20858 28204 4 -1
195 11 10080 12608 6 10080 29149 32 -1
196 3 18720 25490 11 20650 35422 2 -1
197 2 10080 11520 10 10080 20924 8 -1
198 1 12960 17850 0 14928 23662 3 -1
199 6 8640 15650 5 12202 15650 26 -1
200 6 7200 13395 1 7200 13783 11 -1
201 8 1440 15034 1 10571 26958 31 -1
202 0 15840 25398 9 18850 27311 5 -1
203 7 15840 27114 11 25597 40450 12 -1
204 -1 -1 -1 9 0 5398 3 4
205 4 8640 16309 5 9750 16309 1 -1
206 -1 -1 -1 11 7200 15951 17 7
207 4 23040 24480 8 23040 25337 6 -1
208 5 11520 25470 7 19287 25470 14 -1
209 -1 -1 -1 9 14400 21436 3 6
210 0 7200 16216 11 7200 17815 1 -1
211 11 15840 18216 7 15840 26470 12 -1
212 1 20160 26751 4 24011 31062 11 -1
213 6 10080 19980 10 20129 30180 16 -1
214 4 20160 28780 -1 -1 -1 3 -1
215 12 12960 15103 4 14594 21014 4 -1
216 10 1440 11117 4 9271 16629 25 -1
217 8 2880 8071 6 3702 11969 5 -1
218 -1 -1 -1 0 4320 14568 5 5
219 -1 -1 -1 4 15840 25462 7 9
220 7 5760 7200 0 5760 17601 15 -1
221 -1 -1 -1 7 11520 16690 22 9
222 10 15840 18056 8 15840 29668 30 -1
223 -1 -1 -1 9 4320 11233 11 4
224 0 5760 11849 9 6832 11849 7 -1
225 -1 -1 -1 6 0 9901 16 1
226 11 21600 28196 -1 -1 -1 3 -1
227 -1 -1 -1 4 12960 23402 5 2
228 -1 -1 -1 6 12960 17714 5 3
229 1 8640 15278 9 9028 19890 5 -1
230 -1 -1 -1 2 7200 8640 3 0
231 3 1440 17353 8 13687 17353 9 -1
232 -1 -1 -1 3 14400 21029 6 3
233 -1 -1 -1 7 8640 18521 16 8
234 7 5760 11053 10 5760 14763 5 -1
235 8 5760 11703 10 5952 20012 18 -1
236 9 8640 17840 2 15377 24071 5 -1
237 -1 -1 -1 6 10080 17367 6 3
238 5 7200 14329 8 12712 15911 3 -1
239 4 0 8534 7 3716 24716 24 -1
240 10 12960 18629 11 13051 24562 7 -1
241 4 7200 13147 1 11707 13147 34 -1
242 5 10080 17946 12 12176 23916 2 -1
243 5 12960 23459 0 16920 30055 18 -1
244 10 15840 25970 7 20098 27403 11 -1
245 -1 -1 -1 11 25920 32106 34 3
246 -1 -1 -1 9 7200 14194 10 5
247 7 11520 17649 3 11520 20761 8 -1
248 7 0 6554 1 1500 6554 18 -1
249 11 2880 4320 6 2880 7133 2 -1
#Distance_Matrix [row=from col=to] (given in meters)
0	64100	64700	59000	68800	198000	190300	53600	54000	70000	189700	174900	68200	64700	
64100	0	10900	6200	6800	135700	131800	14800	10400	5900	131300	116400	13500	10900	
64700	10900	0	5800	4100	135700	125600	15100	11000	6000	125000	110200	17300	0	
59000	6200	5800	0	9800	141400	131300	9300	5300	11700	130800	116000	11600	5800	
68800	6800	4100	9800	0	131600	125000	19100	15100	1900	124500	109600	20300	4100	
198000	135700	135700	141400	131600	0	233000	144400	146100	129800	232500	217700	149200	135700	
190300	131800	125600	131300	125000	233000	0	140600	136600	126700	2500	26200	142900	125600	
53600	14800	15100	9300	19100	144400	140600	0	4400	20700	140100	125300	16600	15100	
54000	10400	11000	5300	15100	146100	136600	4400	0	16300	136000	121200	15300	11000	
70000	5900	6000	11700	1900	129800	126700	20700	16300	0	126100	111300	19400	6000	
189700	131300	125000	130800	124500	232500	2500	140100	136000	126100	0	25600	142300	125000	
174900	116400	110200	116000	109600	217700	26200	125300	121200	111300	25600	0	127500	110200	
68200	13500	17300	11600	20300	149200	142900	16600	15300	19400	142300	127500	0	17300	
64700	10900	0	5800	4100	135700	125600	15100	11000	6000	125000	110200	17300	0	
