##Problem_info
speed(meters/minute): 333
coupling_time: 15
decoupling_time: 15
body_capacity: 100
max_bodies: 4
total_number_of_nodes: 14
total_number_of_vessels: 5
total_number_of_bodies: 10
total_number_of_requests: 250
unscheduled_cost_coefficient: 10000
service_time: 2
##Nodes [id is_swap_location]   (-2 is only swap location/transfer | 1 is customer that allow a body to be dropped)
0 1
1 1
2 1
3 1
4 1
5 1
6 1
7 1
8 1
9 1
10 1
11 1
12 1
13 -2
##Vessel [id start_location start_time]
0 11 66
1 9 28
2 8 7
3 7 142
4 6 6
##Bodies [id attached_to_vessel start_location]  (if -1 for attached_to_vessel: body starts detached)
0 1 9
1 -1 6
2 1 9
3 -1 3
4 3 7
5 -1 11
6 3 7
7 1 9
8 0 11
9 -1 2
##Requests [id pickup_location_id pickup_from pickup_to delivery_location_id delivery_from delivery_to num_containers at_body_id]
0 5 4320 7828 4 5975 20031 6 -1
1 -1 -1 -1 0 7200 17782 4 7
2 3 23040 26091 0 23785 34807 24 -1
3 8 2880 13005 1 5579 15298 4 -1
4 10 7200 24175 9 18897 24175 11 -1
5 1 21600 28295 -1 -1 -1 14 -1
6 0 17280 26623 12 21011 26623 16 -1
7 10 1440 6301 6 1440 13324 16 -1
8 2 15840 18110 12 15840 27473 8 -1
9 -1 -1 -1 2 1440 7462 6 8
10 11 18720 22813 2 18720 33226 23 -1
11 10 5760 14125 5 7338 19890 33 -1
12 3 2880 7844 4 2880 15153 3 -1
13 -1 -1 -1 12 12960 29510 19 1
14 5 15840 23019 0 19569 23019 7 -1
15 1 2880 13465 4 12182 21431 2 -1
16 -1 -1 -1 0 1440 22440 4 7
17 8 0 9420 12 10217 24329 1 -1
18 7 11520 16082 0 11520 20081 4 -1
19 8 15840 20416 4 15840 27634 7 -1
20 1 5760 7200 2 5760 12033 3 -1
21 -1 -1 -1 7 1440 10488 8 6
22 2 20160 28206 -1 -1 -1 7 -1
23 3 14400 21214 7 17420 28887 12 -1
24 6 12960 16871 2 12960 27374 11 -1
25 0 5760 13716 1 6952 18887 17 -1
26 3 27360 28800 -1 -1 -1 4 -1
27 8 1440 7943 9 5564 10193 17 -1
28 7 14400 24413 5 19984 28992 7 -1
29 12 10080 17809 3 13485 18758 17 -1
30 8 21600 27429 -1 -1 -1 7 -1
31 11 12960 22821 6 18699 28073 11 -1
32 7 4320 10582 8 7224 10582 9 -1
33 0 4320 8750 10 5322 20845 13 -1
34 1 15840 22521 9 16913 28318 20 -1
35 1 7200 9400 9 7200 19336 1 -1
36 -1 -1 -1 11 11520 20541 1 5
37 5 17280 21167 10 19553 29194 3 -1
38 6 11520 20561 3 15802 29436 7 -1
39 2 2880 10328 0 4665 15321 20 -1
40 7 12960 24416 6 20345 32997 13 -1
41 6 1440 9096 8 6316 23007 1 -1
42 0 17280 22044 12 19342 37524 8 -1
43 -1 -1 -1 5 1440 16449 4 6
44 5 4320 17747 4 13509 26314 10 -1
45 -1 -1 -1 10 20160 29991 14 1
46 0 18720 27665 -1 -1 -1 2 -1
47 -1 -1 -1 7 10080 18502 11 7
48 0 4320 5947 5 4320 19268 19 -1
49 -1 -1 -1 7 7200 8752 13 1
50 7 17280 23743 3 21701 23743 14 -1
51 7 14400 15840 2 14400 24428 17 -1
52 0 0 2319 4 506 2319 1 -1
53 1 24480 25920 2 24480 34380 24 -1
54 5 7200 16495 11 14075 16495 27 -1
55 -1 -1 -1 4 7200 14308 21 2
56 2 12960 26211 7 21197 26211 10 -1
57 9 21600 23040 0 21600 24936 18 -1
58 8 4320 6275 7 4320 11109 11 -1
59 4 14400 17641 10 15494 25680 14 -1
60 12 23040 24480 8 23040 37018 7 -1
61 -1 -1 -1 10 14400 28678 27 6
62 8 12960 19167 1 12960 21278 10 -1
63 -1 -1 -1 10 11520 22849 12 1
64 1 17280 22363 11 20685 36185 19 -1
65 -1 -1 -1 8 15840 25576 5 9
66 11 5760 12242 7 7324 15832 17 -1
67 9 14400 15840 8 14400 21449 8 -1
68 -1 -1 -1 3 18720 27885 14 4
69 -1 -1 -1 9 18720 36691 4 0
70 3 12960 19294 1 12960 29368 14 -1
71 6 24480 27292 4 24545 38193 1 -1
72 9 5760 17439 8 12058 24379 10 -1
73 -1 -1 -1 6 23040 33922 34 3
74 4 14400 17014 9 14400 17539 22 -1
75 -1 -1 -1 3 5760 10677 10 2
76 10 23040 25675 6 23130 39721 31 -1
77 -1 -1 -1 8 4320 17081 7 3
78 1 12960 18178 2 13300 28323 2 -1
79 7 15840 22242 11 18670 24998 1 -1
80 7 1440 8589 4 1827 10995 33 -1
81 -1 -1 -1 7 24480 45480 3 0
82 -1 -1 -1 6 1440 11625 1 4
83 10 18720 28260 -1 -1 -1 3 -1
84 0 17280 21457 5 17280 31138 5 -1
85 11 14400 15840 0 14400 31077 9 -1
86 3 8640 17332 10 15573 28512 6 -1
87 4 15840 23503 5 17947 28530 10 -1
88 12 4320 11923 3 11875 21669 5 -1
89 -1 -1 -1 0 12960 25997 9 5
90 10 4320 17956 3 11842 24590 2 -1
91 -1 -1 -1 2 10080 22870 11 3
92 12 4320 11391 9 7997 14232 11 -1
93 5 10080 15475 8 13864 22021 1 -1
94 5 7200 18274 6 16285 25670 12 -1
95 0 12960 25995 7 22241 25995 1 -1
96 6 14400 16966 12 14400 27868 5 -1
97 -1 -1 -1 4 23040 31228 10 3
98 10 7200 14628 3 9014 23533 2 -1
99 -1 -1 -1 7 11520 18180 24 3
100 9 17280 23453 12 17280 29665 10 -1
101 9 12960 21719 7 23181 24621 1 -1
102 2 11520 19261 4 11520 19937 24 -1
103 2 10080 19304 7 13451 19304 8 -1
104 2 0 1440 6 0 5529 2 -1
105 -1 -1 -1 4 2880 7127 13 8
106 -1 -1 -1 11 10080 22290 9 6
107 0 10080 17984 8 12504 21532 8 -1
108 9 11520 14709 5 11520 26894 8 -1
109 2 5760 21894 8 18308 22683 6 -1
110 10 23040 26631 2 25757 35538 31 -1
111 3 15840 26583 4 23121 37355 33 -1
112 12 5760 17019 10 14108 21732 2 -1
113 11 10080 12940 2 10080 27190 1 -1
114 5 18720 20160 9 18720 29130 3 -1
115 6 11520 17576 1 13861 19181 18 -1
116 -1 -1 -1 12 14400 25899 30 8
117 6 18720 21914 9 18720 29999 24 -1
118 12 11520 13703 2 11520 15081 7 -1
119 4 23040 28044 -1 -1 -1 19 -1
120 -1 -1 -1 4 1440 13040 3 7
121 9 11520 16824 2 11520 20926 8 -1
122 5 12960 23152 10 24420 27712 25 -1
123 6 7200 15095 9 7200 16206 30 -1
124 10 7200 14406 8 8774 19431 26 -1
125 -1 -1 -1 1 11520 20961 15 0
126 2 2880 5949 7 2880 12397 15 -1
127 10 4320 9830 0 4320 19592 4 -1
128 7 8640 10271 0 8640 12791 7 -1
129 4 27360 28800 -1 -1 -1 6 -1
130 5 8640 20554 9 20570 33045 13 -1
131 0 5760 8995 8 5760 25545 30 -1
132 -1 -1 -1 0 8640 15754 21 8
133 1 5760 13623 4 9014 20694 32 -1
134 2 7200 17978 7 12991 30764 16 -1
135 -1 -1 -1 7 7200 12032 32 1
136 -1 -1 -1 12 10080 18609 28 8
137 12 17280 20716 11 19276 20716 20 -1
138 10 8640 23731 0 19798 30609 8 -1
139 5 18720 20160 8 19086 30462 24 -1
140 9 11520 19352 6 12043 28969 7 -1
141 2 12960 22465 8 16719 22465 8 -1
142 4 20160 24057 11 20160 32394 6 -1
143 1 14400 15840 11 14400 27263 2 -1
144 5 20160 23134 7 20160 28841 18 -1
145 7 8640 18933 6 12594 20730 11 -1
146 8 2880 18075 10 15797 27799 20 -1
147 10 7200 26327 5 19529 26327 21 -1
148 1 8640 10080 8 8640 20634 20 -1
149 6 20160 26411 7 20160 31575 28 -1
150 -1 -1 -1 5 11520 20948 18 9
151 9 7200 13721 3 9117 13721 1 -1
152 9 23040 27057 2 23966 32969 15 -1
153 8 5760 9831 1 5760 26760 3 -1
154 -1 -1 -1 6 10080 15926 3 1
155 3 14400 27356 4 22713 33398 23 -1
156 0 5760 13478 9 8665 13903 7 -1
157 10 11520 22326 1 17387 23356 13 -1
158 1 14400 16009 10 14400 16535 1 -1
159 1 23040 28760 -1 -1 -1 15 -1
160 2 14400 25226 12 19300 35346 38 -1
161 6 21600 23040 5 21600 31071 19 -1
162 2 7200 19811 4 15928 32515 26 -1
163 3 10080 18931 11 12876 23601 7 -1
164 5 0 11163 12 8668 19108 7 -1
165 9 11520 19027 5 11806 21128 2 -1
166 -1 -1 -1 0 4320 15596 10 3
167 7 20160 22004 0 20160 29255 5 -1
168 4 2880 11652 0 5894 15916 9 -1
169 -1 -1 -1 0 15840 24306 8 5
170 11 12960 17031 3 12960 18156 10 -1
171 12 20160 23083 3 20160 31778 24 -1
172 1 21600 26979 2 25038 29062 8 -1
173 2 7200 14574 9 8837 18009 17 -1
174 2 0 1965 1 0 7026 21 -1
175 11 5760 12659 7 11133 12659 18 -1
176 -1 -1 -1 0 12960 21070 2 1
177 6 5760 9903 7 7897 27533 21 -1
178 3 7200 13491 10 7200 18282 5 -1
179 -1 -1 -1 0 17280 18720 10 0
180 2 14400 23454 0 17019 26349 11 -1
181 5 5760 23163 9 17883 27185 28 -1
182 2 0 4686 4 3568 12209 5 -1
183 3 2880 8279 10 6617 18208 15 -1
184 1 8640 18643 11 11375 18947 2 -1
185 4 1440 10488 5 1440 13298 7 -1
186 1 8640 27554 -1 -1 -1 4 -1
187 -1 -1 -1 9 10080 20370 2 9
188 -1 -1 -1 8 15840 24668 7 0
189 -1 -1 -1 2 17280 27235 6 2
190 12 17280 19090 11 17280 31864 3 -1
191 7 10080 16423 0 10197 16787 13 -1
192 9 21600 24083 7 21600 24297 6 -1
193 0 24480 25988 1 24480 28832 26 -1
194 10 14400 20251 12 14400 29657 4 -1
195 1 12960 22061 0 17760 24608 7 -1
196 3 10080 18903 2 17463 18903 13 -1
197 10 21600 24810 8 23413 26120 26 -1
198 0 10080 22848 5 17896 23687 6 -1
199 -1 -1 -1 9 2880 13649 13 2
200 -1 -1 -1 9 7200 17098 7 5
201 -1 -1 -1 12 8640 15869 19 6
202 -1 -1 -1 5 15840 28157 26 5
203 -1 -1 -1 11 17280 27691 7 4
204 2 14400 24395 3 14400 27413 3 -1
205 4 1440 6734 12 1440 11040 4 -1
206 -1 -1 -1 0 21600 24698 2 4
207 5 8640 11480 3 8640 23247 7 -1
208 6 18720 23451 5 18720 29911 4 -1
209 9 11520 22715 4 21280 27521 4 -1
210 10 18720 26348 7 19567 34168 11 -1
211 12 1440 9617 10 10295 22685 43 -1
212 2 15840 18605 12 18210 33648 12 -1
213 -1 -1 -1 4 12960 24750 33 9
214 5 25920 27772 -1 -1 -1 16 -1
215 1 11520 20666 4 16371 27537 33 -1
216 3 21600 28446 -1 -1 -1 22 -1
217 10 14400 23744 12 14400 28221 13 -1
218 -1 -1 -1 7 11520 21880 6 6
219 -1 -1 -1 10 12960 22911 29 0
220 2 10080 12309 4 13127 17220 4 -1
221 -1 -1 -1 3 15840 27931 17 9
222 11 2880 14873 3 16270 22346 13 -1
223 5 23040 26591 8 24274 36761 4 -1
224 2 0 5291 10 3821 5291 24 -1
225 12 18720 27749 -1 -1 -1 17 -1
226 3 21600 26663 11 26645 34966 14 -1
227 0 7200 14217 6 7715 19558 9 -1
228 -1 -1 -1 12 4320 18849 6 4
229 11 12960 18904 7 13491 18904 17 -1
230 6 17280 22529 9 17280 26369 16 -1
231 -1 -1 -1 6 17280 24072 41 4
232 11 1440 12978 6 7773 20156 4 -1
233 12 7200 24294 8 22653 24294 3 -1
234 -1 -1 -1 6 1440 6437 1 0
235 12 10080 16654 4 12028 23102 10 -1
236 5 4320 10218 10 5408 18242 11 -1
237 5 5760 17864 8 14594 29432 7 -1
238 5 11520 21105 9 18036 34764 1 -1
239 -1 -1 -1 6 5760 10339 2 8
240 9 2880 14082 7 9399 17511 28 -1
241 7 8640 21198 0 8640 27379 4 -1
242 2 23040 26616 4 23040 32829 22 -1
243 -1 -1 -1 5 0 9381 1 2
244 0 2880 7331 7 2880 20188 20 -1
245 -1 -1 -1 0 8640 13856 4 5
246 2 8640 17988 0 10073 22700 1 -1
247 9 20160 28275 -1 -1 -1 5 -1
248 8 24480 26291 1 24480 32837 10 -1
249 6 0 1440 9 0 6151 1 -1
#Distance_Matrix [row=from col=to] (given in meters)
0	64100	64700	59000	68800	198000	190300	53600	54000	70000	189700	174900	68200	64700	
64100	0	10900	6200	6800	135700	131800	14800	10400	5900	131300	116400	13500	10900	
64700	10900	0	5800	4100	135700	125600	15100	11000	6000	125000	110200	17300	0	
59000	6200	5800	0	9800	141400	131300	9300	5300	11700	130800	116000	11600	5800	
68800	6800	4100	9800	0	131600	125000	19100	15100	1900	124500	109600	20300	4100	
198000	135700	135700	141400	131600	0	233000	144400	146100	129800	232500	217700	149200	135700	
190300	131800	125600	131300	125000	233000	0	140600	136600	126700	2500	26200	142900	125600	
53600	14800	15100	9300	19100	144400	140600	0	4400	20700	140100	125300	16600	15100	
54000	10400	11000	5300	15100	146100	136600	4400	0	16300	136000	121200	15300	11000	
70000	5900	6000	11700	1900	129800	126700	20700	16300	0	126100	111300	19400	6000	
189700	131300	125000	130800	124500	232500	2500	140100	136000	126100	0	25600	142300	125000	
174900	116400	110200	116000	109600	217700	26200	125300	121200	111300	25600	0	127500	110200	
68200	13500	17300	11600	20300	149200	142900	16600	15300	19400	142300	127500	0	17300	
64700	10900	0	5800	4100	135700	125600	15100	11000	6000	125000	110200	17300	0	
