##Problem_info
speed(meters/minute): 333
coupling_time: 15
decoupling_time: 15
body_capacity: 100
max_bodies: 4
total_number_of_nodes: 14
total_number_of_vessels: 5
total_number_of_bodies: 10
total_number_of_requests: 250
unscheduled_cost_coefficient: 10000
service_time: 2
##Nodes [id is_swap_location]   (-2 is only swap location/transfer | 1 is customer that allow a body to be dropped)
0 1
1 1
2 1
3 1
4 1
5 1
6 1
7 1
8 1
9 1
10 1
11 1
12 1
13 -2
##Vessel [id start_location start_time]
0 1 5
1 7 5
2 9 7
3 12 71
4 0 71
##Bodies [id attached_to_vessel start_location]  (if -1 for attached_to_vessel: body starts detached)
0 2 9
1 1 7
2 4 0
3 3 12
4 4 0
5 2 9
6 1 7
7 0 1
8 2 9
9 4 0
##Requests [id pickup_location_id pickup_from pickup_to delivery_location_id delivery_from delivery_to num_containers at_body_id]
0 -1 -1 -1 2 21600 36794 1 8
1 8 7200 9802 3 7200 17989 18 -1
2 1 0 5461 5 391 5461 10 -1
3 0 11520 17569 6 15430 17569 25 -1
4 9 4320 11775 11 8911 11775 9 -1
5 8 18720 26322 10 20177 29987 17 -1
6 5 10080 16978 9 10080 25861 5 -1
7 -1 -1 -1 2 1440 12240 5 5
8 11 20160 26279 9 20488 38121 11 -1
9 6 7200 11505 2 7200 23138 3 -1
10 7 0 5490 12 0 13476 16 -1
11 -1 -1 -1 5 1440 22440 5 6
12 9 11520 19932 5 16402 26700 24 -1
13 12 15840 17486 4 15840 32009 8 -1
14 1 14400 20585 7 14400 28150 4 -1
15 12 17280 23166 8 19943 24923 1 -1
16 7 15840 20282 6 17619 23164 7 -1
17 7 0 11855 8 6108 25652 11 -1
18 6 15840 22717 11 15970 22717 7 -1
19 2 2880 4320 1 2880 13252 12 -1
20 2 17280 25635 4 25191 36285 3 -1
21 0 7200 23329 9 15041 28769 15 -1
22 -1 -1 -1 11 4320 23300 19 6
23 9 25920 27823 -1 -1 -1 1 -1
24 8 24480 25920 10 24480 29788 1 -1
25 6 5760 7279 8 5760 13777 8 -1
26 12 7200 16862 6 11091 16862 1 -1
27 8 15840 20287 4 16180 28101 3 -1
28 0 10080 13472 11 13699 20315 3 -1
29 10 23040 25026 3 23040 29598 20 -1
30 -1 -1 -1 7 0 11930 1 8
31 -1 -1 -1 4 18720 22181 2 4
32 1 7200 10634 11 8759 23913 2 -1
33 6 23040 24480 3 23040 36456 12 -1
34 11 1440 6774 8 1939 11532 3 -1
35 11 5760 11186 10 10569 18826 23 -1
36 -1 -1 -1 12 4320 16162 1 3
37 5 11520 19532 0 16040 30769 6 -1
38 -1 -1 -1 2 11520 23658 6 3
39 0 15840 20242 12 15840 22703 20 -1
40 -1 -1 -1 7 14400 20030 9 4
41 12 14400 15840 6 14400 20216 33 -1
42 -1 -1 -1 8 8640 24080 9 6
43 8 7200 18472 12 10306 18472 5 -1
44 -1 -1 -1 7 10080 18097 25 3
45 7 15840 19708 0 15840 36840 6 -1
46 2 4320 9455 4 4320 20877 7 -1
47 9 11520 19950 8 13308 19950 8 -1
48 3 15840 25528 4 25548 40493 25 -1
49 10 20160 27054 0 23050 27054 3 -1
50 -1 -1 -1 9 12960 20620 7 3
51 4 0 7372 10 0 14338 4 -1
52 -1 -1 -1 5 0 11206 20 1
53 11 23040 27410 -1 -1 -1 5 -1
54 5 18720 25421 0 22771 31096 1 -1
55 -1 -1 -1 5 2880 11071 6 4
56 10 11520 17094 0 11520 19531 1 -1
57 1 0 5105 7 27 17387 2 -1
58 8 15840 19800 12 15840 28672 5 -1
59 -1 -1 -1 8 1440 8175 31 2
60 11 25920 27360 1 25920 35264 19 -1
61 8 18720 27963 -1 -1 -1 8 -1
62 -1 -1 -1 4 20160 32482 3 1
63 -1 -1 -1 12 20160 28009 13 2
64 -1 -1 -1 7 7200 15320 6 4
65 4 12960 22318 2 13929 30542 31 -1
66 0 23040 25962 5 23040 35783 12 -1
67 0 17280 28634 -1 -1 -1 17 -1
68 -1 -1 -1 6 2880 15586 6 0
69 5 17280 25844 3 23224 39918 14 -1
70 -1 -1 -1 2 11520 18461 5 8
71 6 8640 16764 2 9109 28332 15 -1
72 12 17280 25034 6 21686 34337 6 -1
73 7 7200 8640 12 7200 15059 16 -1
74 10 14400 15840 11 14400 20269 2 -1
75 1 20160 26130 7 23959 43192 6 -1
76 5 8640 24717 11 24522 41825 16 -1
77 6 25920 27607 -1 -1 -1 22 -1
78 7 1440 18260 6 12438 20720 1 -1
79 3 15840 25789 4 21154 27949 25 -1
80 -1 -1 -1 8 7200 18782 16 9
81 11 17280 23949 3 19676 28067 15 -1
82 6 0 5085 8 0 8420 7 -1
83 4 4320 7609 8 4320 8162 12 -1
84 7 4320 17724 11 11969 17724 18 -1
85 -1 -1 -1 5 0 20288 1 8
86 -1 -1 -1 12 17280 26374 1 3
87 6 12960 14707 0 12960 21798 26 -1
88 9 11520 12960 2 11520 27333 9 -1
89 -1 -1 -1 6 7200 17065 1 9
90 -1 -1 -1 6 1440 7527 23 8
91 10 2880 11999 11 5077 16792 3 -1
92 7 7200 11165 0 7200 15073 7 -1
93 1 14400 21487 11 14400 22651 12 -1
94 6 12960 16070 5 12960 20987 13 -1
95 2 8640 14899 5 8640 21063 11 -1
96 11 12960 24924 1 20831 24924 14 -1
97 5 7200 19098 8 16760 19098 12 -1
98 10 14400 20874 11 16629 33169 6 -1
99 12 14400 24255 7 20754 27876 24 -1
100 2 17280 19950 8 17280 20669 20 -1
101 -1 -1 -1 12 18720 29327 25 8
102 3 11520 14543 5 13103 14543 4 -1
103 8 1440 4903 9 1479 16270 6 -1
104 7 2880 14806 8 5615 17550 4 -1
105 1 5760 12076 12 10511 22753 2 -1
106 11 4320 23184 3 18173 24024 2 -1
107 0 15840 22051 10 15840 29749 27 -1
108 10 23040 27257 5 23040 32697 1 -1
109 -1 -1 -1 7 5760 8201 23 9
110 -1 -1 -1 1 12960 14722 13 6
111 9 20160 24198 5 20160 25124 9 -1
112 10 5760 13660 12 13400 20986 1 -1
113 4 18720 26303 11 21994 32872 1 -1
114 -1 -1 -1 11 0 10523 3 8
115 -1 -1 -1 4 18720 33077 7 1
116 -1 -1 -1 1 7200 17427 4 6
117 11 14400 26201 4 21194 26201 1 -1
118 -1 -1 -1 8 1440 11038 1 7
119 3 17280 19518 11 17280 24609 1 -1
120 5 21600 27373 -1 -1 -1 6 -1
121 -1 -1 -1 12 17280 28343 8 5
122 2 2880 4320 3 2880 12653 6 -1
123 4 5760 17483 1 12683 22512 1 -1
124 7 8640 11950 9 10221 29932 19 -1
125 7 4320 8360 3 6261 12253 12 -1
126 7 1440 15640 0 13255 19964 2 -1
127 0 2880 17328 10 13143 25989 3 -1
128 2 2880 16290 3 9190 26493 30 -1
129 9 7200 12885 12 7200 18145 3 -1
130 0 4320 16585 10 15977 23868 18 -1
131 12 23040 27892 -1 -1 -1 11 -1
132 5 0 8417 1 736 8417 1 -1
133 -1 -1 -1 10 7200 23773 16 7
134 9 0 12977 7 9270 16362 22 -1
135 -1 -1 -1 2 21600 35072 16 2
136 -1 -1 -1 12 7200 22571 3 1
137 -1 -1 -1 1 14400 18895 4 1
138 10 12960 24991 8 23561 35030 26 -1
139 -1 -1 -1 1 15840 19646 4 0
140 6 0 6402 3 4962 6402 12 -1
141 11 10080 11520 9 10080 21911 10 -1
142 8 17280 22856 2 17924 29198 2 -1
143 -1 -1 -1 10 7200 12914 13 9
144 1 12960 22819 11 17884 27735 28 -1
145 6 5760 7200 10 5760 13048 1 -1
146 10 1440 11760 3 7081 22950 8 -1
147 12 4320 8457 9 7017 8457 22 -1
148 9 11520 19009 1 13788 29549 22 -1
149 4 1440 6834 9 3795 20222 35 -1
150 9 15840 25812 4 20990 33501 33 -1
151 6 18720 25720 11 19313 30776 18 -1
152 1 15840 28183 -1 -1 -1 7 -1
153 7 17280 22231 12 17280 30147 19 -1
154 0 14400 26033 5 27744 44942 21 -1
155 -1 -1 -1 1 15840 32480 3 1
156 -1 -1 -1 4 0 5179 9 2
157 -1 -1 -1 6 2880 18436 21 8
158 1 8640 21985 9 18999 27147 17 -1
159 3 0 6756 11 0 7894 16 -1
160 -1 -1 -1 2 1440 2880 16 8
161 5 2880 5906 3 3664 13295 1 -1
162 1 24480 26018 10 24480 39359 29 -1
163 -1 -1 -1 5 0 12408 15 9
164 -1 -1 -1 4 15840 34668 16 7
165 -1 -1 -1 11 4320 20565 11 2
166 12 18720 22275 7 18720 29303 17 -1
167 7 2880 8456 3 5579 19171 36 -1
168 8 2880 11199 6 9079 13840 10 -1
169 9 2880 11179 7 10981 24284 14 -1
170 12 1440 10386 7 3064 11290 8 -1
171 6 5760 14648 5 5760 20301 23 -1
172 7 12960 14955 6 12960 21821 8 -1
173 3 2880 10044 11 9536 30536 28 -1
174 7 17280 18720 2 17280 23077 1 -1
175 6 10080 16995 10 16180 30198 11 -1
176 9 15840 19846 4 15840 19871 6 -1
177 -1 -1 -1 1 2880 12946 4 4
178 8 4320 10489 6 4320 13663 23 -1
179 0 0 4474 6 0 14336 11 -1
180 0 12960 22546 3 19634 32257 21 -1
181 5 17280 25651 7 25342 31016 12 -1
182 -1 -1 -1 0 10080 22906 17 9
183 -1 -1 -1 8 10080 20514 3 0
184 1 4320 23124 5 20928 32063 1 -1
185 -1 -1 -1 1 1440 14537 30 5
186 8 14400 26721 7 24362 28573 34 -1
187 6 21600 26334 2 25463 29295 23 -1
188 0 8640 21276 5 16775 21276 6 -1
189 -1 -1 -1 11 20160 41160 11 2
190 1 21600 23040 2 21600 30479 24 -1
191 2 4320 6858 8 4320 19227 3 -1
192 9 10080 16296 4 15117 28912 20 -1
193 9 15840 25295 0 20372 28157 7 -1
194 1 10080 12348 5 10080 16998 16 -1
195 7 10080 18518 6 17242 18682 9 -1
196 7 7200 21346 2 16885 24056 3 -1
197 -1 -1 -1 0 15840 28521 5 9
198 2 2880 8479 10 5821 17368 6 -1
199 0 18720 24502 9 20929 30644 16 -1
200 -1 -1 -1 11 8640 13664 7 5
201 1 15840 21063 5 19070 21063 11 -1
202 6 15840 21764 8 17057 30188 3 -1
203 6 20160 21600 2 20160 31430 4 -1
204 -1 -1 -1 0 7200 17170 3 6
205 -1 -1 -1 9 10080 23993 16 7
206 12 21600 24390 9 21600 30364 14 -1
207 6 15840 20616 8 15840 30008 3 -1
208 9 7200 15388 2 9870 19817 10 -1
209 9 18720 20160 1 18720 31706 4 -1
210 5 4320 12926 4 4320 20227 11 -1
211 10 14400 21289 1 15183 29252 25 -1
212 11 2880 11832 9 5391 17477 12 -1
213 -1 -1 -1 6 7200 26277 23 4
214 5 8640 15855 12 11423 25653 2 -1
215 12 7200 8997 9 7200 24194 5 -1
216 -1 -1 -1 10 14400 26654 11 3
217 6 27360 28800 -1 -1 -1 6 -1
218 4 1440 5565 6 1527 13206 26 -1
219 -1 -1 -1 2 7200 16226 8 4
220 12 7200 12729 8 11756 21731 7 -1
221 10 1440 3445 5 1440 11849 15 -1
222 -1 -1 -1 7 15840 25037 2 3
223 1 5760 18876 12 14091 18876 25 -1
224 -1 -1 -1 2 5760 15356 18 3
225 -1 -1 -1 2 2880 16689 25 7
226 12 15840 21910 3 18790 29138 13 -1
227 -1 -1 -1 2 7200 20859 9 2
228 0 11520 14646 5 11520 17179 11 -1
229 7 2880 5183 2 2880 13724 1 -1
230 0 7200 13752 7 11914 22063 15 -1
231 10 8640 14706 5 8640 22289 4 -1
232 2 2880 11874 12 6414 15641 19 -1
233 1 7200 8640 3 7200 11912 9 -1
234 9 8640 14451 10 8640 17033 9 -1
235 0 24480 27421 -1 -1 -1 8 -1
236 -1 -1 -1 2 4320 5760 16 0
237 6 2880 11670 12 7172 13781 8 -1
238 -1 -1 -1 12 5760 13133 36 6
239 6 11520 13090 12 11520 19250 10 -1
240 8 14400 18522 11 15915 31024 5 -1
241 12 4320 13192 11 8977 21859 5 -1
242 1 7200 8847 9 7200 12682 19 -1
243 1 18720 27290 12 19836 34751 14 -1
244 0 14400 16799 2 14400 28987 16 -1
245 5 8640 25412 11 20907 32782 2 -1
246 9 18720 23746 4 21371 23746 5 -1
247 3 23040 25904 2 23200 32321 7 -1
248 9 21600 25908 3 21600 38734 15 -1
249 -1 -1 -1 5 12960 21410 16 3
#Distance_Matrix [row=from col=to] (given in meters)
0	64100	64700	59000	68800	198000	190300	53600	54000	70000	189700	174900	68200	64700	
64100	0	10900	6200	6800	135700	131800	14800	10400	5900	131300	116400	13500	10900	
64700	10900	0	5800	4100	135700	125600	15100	11000	6000	125000	110200	17300	0	
59000	6200	5800	0	9800	141400	131300	9300	5300	11700	130800	116000	11600	5800	
68800	6800	4100	9800	0	131600	125000	19100	15100	1900	124500	109600	20300	4100	
198000	135700	135700	141400	131600	0	233000	144400	146100	129800	232500	217700	149200	135700	
190300	131800	125600	131300	125000	233000	0	140600	136600	126700	2500	26200	142900	125600	
53600	14800	15100	9300	19100	144400	140600	0	4400	20700	140100	125300	16600	15100	
54000	10400	11000	5300	15100	146100	136600	4400	0	16300	136000	121200	15300	11000	
70000	5900	6000	11700	1900	129800	126700	20700	16300	0	126100	111300	19400	6000	
189700	131300	125000	130800	124500	232500	2500	140100	136000	126100	0	25600	142300	125000	
174900	116400	110200	116000	109600	217700	26200	125300	121200	111300	25600	0	127500	110200	
68200	13500	17300	11600	20300	149200	142900	16600	15300	19400	142300	127500	0	17300	
64700	10900	0	5800	4100	135700	125600	15100	11000	6000	125000	110200	17300	0	
