##Problem_info
speed(meters/minute): 333
coupling_time: 15
decoupling_time: 15
body_capacity: 100
max_bodies: 4
total_number_of_nodes: 14
total_number_of_vessels: 5
total_number_of_bodies: 10
total_number_of_requests: 300
unscheduled_cost_coefficient: 10000
service_time: 2
##Nodes [id is_swap_location]   (-2 is only swap location/transfer | 1 is customer that allow a body to be dropped)
0 1
1 1
2 1
3 1
4 1
5 1
6 1
7 1
8 1
9 1
10 1
11 1
12 1
13 -2
##Vessel [id start_location start_time]
0 8 104
1 6 115
2 5 84
3 4 2
4 3 7
##Bodies [id attached_to_vessel start_location]  (if -1 for attached_to_vessel: body starts detached)
0 2 5
1 0 8
2 0 8
3 0 8
4 -1 7
5 2 5
6 0 8
7 4 3
8 2 5
9 -1 4
##Requests [id pickup_location_id pickup_from pickup_to delivery_location_id delivery_from delivery_to num_containers at_body_id]
0 3 17280 24905 4 18382 28073 35 -1
1 9 10080 16583 3 13090 17597 31 -1
2 6 21600 26360 10 21600 26868 1 -1
3 10 14400 22522 2 15885 23091 9 -1
4 -1 -1 -1 6 8640 21483 2 5
5 3 21600 25065 2 21600 38224 13 -1
6 -1 -1 -1 10 1440 19830 12 9
7 11 24480 25920 1 24480 35076 4 -1
8 -1 -1 -1 1 0 12637 17 5
9 -1 -1 -1 9 11520 28947 16 2
10 7 17280 21860 10 17280 23171 31 -1
11 -1 -1 -1 11 4320 20376 15 0
12 0 15840 28695 -1 -1 -1 2 -1
13 2 4320 14492 0 7168 22001 12 -1
14 -1 -1 -1 3 15840 19034 5 8
15 2 20160 22177 0 20160 25562 19 -1
16 -1 -1 -1 11 1440 14461 7 5
17 -1 -1 -1 5 11520 28072 2 6
18 -1 -1 -1 9 11520 21014 6 8
19 11 1440 10945 9 6942 18674 10 -1
20 0 5760 7792 10 5760 20748 11 -1
21 7 10080 13575 1 10080 21731 10 -1
22 5 7200 11860 3 7612 16490 14 -1
23 7 17280 19403 12 17280 27689 15 -1
24 5 1440 8436 8 1989 10919 5 -1
25 11 12960 22732 10 19778 22732 5 -1
26 8 1440 4080 12 1440 9247 12 -1
27 -1 -1 -1 4 2880 13504 1 0
28 4 12960 23555 5 19430 29944 13 -1
29 4 10080 19933 12 18845 27676 1 -1
30 -1 -1 -1 5 0 9351 22 1
31 -1 -1 -1 2 8640 20157 5 9
32 -1 -1 -1 2 4320 14924 11 9
33 11 17280 22139 4 17280 23286 3 -1
34 4 17280 22508 3 17280 25480 29 -1
35 3 23040 24480 9 23189 34587 11 -1
36 1 10080 22709 3 15781 22709 11 -1
37 6 4320 9234 2 5047 18275 5 -1
38 0 20160 26741 4 20160 30185 29 -1
39 0 12960 19774 7 20151 28793 19 -1
40 6 5760 18296 5 14500 28263 11 -1
41 9 14400 22826 12 17187 22826 1 -1
42 1 10080 20193 11 15218 20709 6 -1
43 4 23040 27832 -1 -1 -1 17 -1
44 9 0 8707 6 2982 12603 10 -1
45 4 7200 17385 8 14077 30414 6 -1
46 1 11520 18249 4 13152 26086 2 -1
47 8 1440 2880 11 1440 12089 32 -1
48 10 11520 14797 8 13235 26138 4 -1
49 10 21600 28500 -1 -1 -1 18 -1
50 -1 -1 -1 1 12960 22369 34 1
51 11 8640 19107 3 19370 36304 3 -1
52 6 12960 15315 11 12960 22925 4 -1
53 11 17280 23949 6 19273 34110 19 -1
54 11 12960 22052 6 16979 30456 15 -1
55 0 14400 24867 12 21567 31954 21 -1
56 5 7200 11820 7 7200 18727 11 -1
57 10 11520 21841 5 13410 28238 6 -1
58 1 15840 22139 7 16633 24766 17 -1
59 6 4320 13401 8 5895 13894 7 -1
60 -1 -1 -1 5 21600 29543 2 8
61 6 15840 24914 1 23382 38165 3 -1
62 -1 -1 -1 5 5760 21117 14 8
63 8 17280 26937 3 21985 31108 1 -1
64 6 17280 26633 1 23545 28860 1 -1
65 -1 -1 -1 6 4320 8703 12 3
66 0 4320 16166 10 12373 16166 7 -1
67 3 10080 16809 2 10080 20332 10 -1
68 2 14400 15840 9 14400 25182 11 -1
69 -1 -1 -1 2 0 5005 9 9
70 -1 -1 -1 6 5760 20010 10 1
71 10 15840 27632 -1 -1 -1 26 -1
72 0 7200 10059 5 7200 16455 8 -1
73 4 15840 28389 -1 -1 -1 17 -1
74 9 8640 13080 12 8640 16723 13 -1
75 5 15840 19359 12 19096 20536 16 -1
76 11 15840 17280 5 15840 32234 4 -1
77 6 12960 20894 2 13029 24423 16 -1
78 0 1440 5751 6 2450 14512 2 -1
79 3 23040 24480 7 23040 35403 19 -1
80 -1 -1 -1 6 12960 15126 10 4
81 7 8640 10497 2 8640 10825 29 -1
82 -1 -1 -1 10 20160 34557 26 5
83 8 8640 14917 2 9089 17103 18 -1
84 5 0 1440 6 0 6584 7 -1
85 2 14400 26853 12 24551 28576 1 -1
86 10 1440 12873 12 8385 17018 11 -1
87 -1 -1 -1 10 14400 26809 8 7
88 -1 -1 -1 0 1440 14958 1 6
89 2 18720 26335 7 19546 36624 1 -1
90 -1 -1 -1 7 14400 27110 3 2
91 8 5760 11529 11 10307 15756 12 -1
92 2 1440 9604 10 6115 12792 10 -1
93 2 8640 16685 10 15245 16685 16 -1
94 7 21600 26164 12 21600 28713 1 -1
95 12 4320 6388 11 4320 16865 10 -1
96 -1 -1 -1 0 4320 11696 6 1
97 5 2880 13844 6 8385 25107 5 -1
98 -1 -1 -1 0 18720 24467 3 7
99 10 12960 19482 3 12960 28086 1 -1
100 0 7200 11319 10 7200 17698 12 -1
101 9 2880 8551 5 4556 8551 15 -1
102 8 12960 19750 1 15089 22298 7 -1
103 12 8640 12431 0 8640 20491 7 -1
104 -1 -1 -1 4 8640 22960 30 8
105 0 0 12842 5 5641 15435 13 -1
106 4 11520 28739 -1 -1 -1 4 -1
107 -1 -1 -1 8 15840 26460 8 2
108 10 1440 17811 4 14047 28866 2 -1
109 2 10080 11520 4 10080 21520 11 -1
110 -1 -1 -1 9 15840 24916 12 9
111 -1 -1 -1 4 12960 29545 2 1
112 2 10080 16776 4 10080 19519 6 -1
113 5 10080 19935 7 17260 27567 6 -1
114 10 20160 27249 11 20160 33536 17 -1
115 4 0 9689 3 7057 15258 15 -1
116 -1 -1 -1 3 7200 21635 10 9
117 -1 -1 -1 11 1440 9993 22 2
118 2 7200 22249 1 17727 37688 7 -1
119 2 4320 5760 10 4320 19520 22 -1
120 3 5760 11996 0 5760 19814 8 -1
121 9 4320 7122 8 4320 18853 15 -1
122 6 4320 23749 7 18704 30579 19 -1
123 7 5760 11273 11 5760 23830 26 -1
124 5 12960 18861 3 17701 32351 24 -1
125 0 23040 24480 1 23040 37814 21 -1
126 2 14400 17556 10 14590 22917 33 -1
127 -1 -1 -1 3 24480 25922 6 5
128 0 4320 17997 6 15637 17997 14 -1
129 0 25920 28734 -1 -1 -1 28 -1
130 3 7200 12071 9 7528 17595 2 -1
131 8 11520 24253 7 21774 30915 5 -1
132 12 4320 18687 7 14242 24158 8 -1
133 -1 -1 -1 11 14400 24798 24 3
134 0 15840 24301 2 18137 24301 19 -1
135 7 12960 18969 12 14353 21523 9 -1
136 2 17280 25121 7 19401 36785 22 -1
137 0 5760 10840 11 5760 24051 25 -1
138 5 23040 25381 11 24467 41252 6 -1
139 9 7200 9036 1 7200 17026 5 -1
140 8 2880 7920 3 3792 15002 7 -1
141 -1 -1 -1 12 2880 16311 2 1
142 -1 -1 -1 8 24480 38034 15 4
143 2 5760 7200 7 5760 15361 4 -1
144 7 8640 11737 0 8640 16955 38 -1
145 2 17280 21538 9 17280 28140 22 -1
146 8 10080 18525 0 12070 22561 14 -1
147 -1 -1 -1 0 8640 17713 33 0
148 6 8640 12025 1 8640 17467 13 -1
149 9 20160 26100 3 21119 34324 15 -1
150 3 4320 7399 6 4320 18673 12 -1
151 11 10080 15765 1 10502 16696 3 -1
152 -1 -1 -1 0 15840 26121 5 2
153 1 8640 14419 8 8640 22987 22 -1
154 9 5760 17702 11 12208 23244 20 -1
155 5 2880 9692 11 6427 15045 8 -1
156 3 15840 28678 -1 -1 -1 6 -1
157 9 23040 26865 4 23040 37047 1 -1
158 12 0 13098 1 6992 20970 16 -1
159 10 0 10907 11 2598 10907 13 -1
160 8 0 1937 1 0 9984 6 -1
161 10 20160 26036 2 20869 33517 4 -1
162 8 7200 15042 9 10625 21245 14 -1
163 -1 -1 -1 0 14400 27700 18 9
164 3 15840 19460 7 16084 19460 31 -1
165 11 2880 7471 10 2880 17581 12 -1
166 -1 -1 -1 8 21600 35988 22 5
167 -1 -1 -1 10 10080 21613 13 7
168 9 10080 27708 -1 -1 -1 8 -1
169 5 5760 17967 3 12951 24738 10 -1
170 12 1440 7481 2 8061 22479 25 -1
171 3 14400 21697 8 18802 35166 11 -1
172 1 5760 11487 3 5760 22445 11 -1
173 -1 -1 -1 7 10080 19180 3 3
174 7 18720 20160 3 18720 34634 14 -1
175 9 4320 13709 3 11051 26323 7 -1
176 -1 -1 -1 6 8640 22095 9 1
177 7 8640 21103 3 16858 22330 21 -1
178 6 11520 27035 11 24078 36937 5 -1
179 -1 -1 -1 1 4320 14809 4 0
180 0 8640 20267 11 15889 22805 4 -1
181 -1 -1 -1 10 8640 27855 10 1
182 -1 -1 -1 12 5760 15031 2 3
183 11 24480 27226 7 24675 27226 20 -1
184 -1 -1 -1 2 4320 14146 5 7
185 4 12960 24207 10 21735 33162 21 -1
186 5 1440 12450 9 1440 16204 17 -1
187 -1 -1 -1 2 7200 13804 27 6
188 3 4320 16038 9 9388 22756 14 -1
189 7 8640 15333 0 8640 26770 21 -1
190 7 15840 23380 6 17869 23380 22 -1
191 12 18720 24062 8 18720 24586 3 -1
192 -1 -1 -1 8 14400 31315 10 2
193 1 24480 27349 11 24480 36978 1 -1
194 11 10080 12142 8 10080 19228 4 -1
195 -1 -1 -1 2 7200 19608 18 3
196 6 10080 20153 3 17794 20153 28 -1
197 12 8640 15182 10 8640 25582 2 -1
198 11 1440 11795 8 7426 21397 20 -1
199 10 21600 23141 12 21600 40936 3 -1
200 0 5760 14692 2 13285 26675 10 -1
201 10 21600 28732 -1 -1 -1 1 -1
202 9 10080 14594 3 10080 15422 12 -1
203 2 5760 17607 3 15471 20184 10 -1
204 -1 -1 -1 5 12960 19994 6 5
205 -1 -1 -1 8 5760 13026 8 3
206 -1 -1 -1 8 0 17335 1 7
207 7 8640 11802 4 8640 21196 21 -1
208 2 8640 20435 10 15471 22762 9 -1
209 6 1440 12429 12 9544 18078 10 -1
210 10 17280 19205 5 17296 19205 10 -1
211 -1 -1 -1 1 25920 36106 14 0
212 3 4320 18951 1 11864 25463 5 -1
213 1 10080 19662 9 11477 20797 19 -1
214 -1 -1 -1 4 5760 9998 5 8
215 -1 -1 -1 2 1440 7669 7 2
216 0 18720 25131 5 24716 32354 3 -1
217 10 18720 28566 -1 -1 -1 3 -1
218 1 15840 26675 5 20165 29515 8 -1
219 10 7200 8640 6 7200 17868 12 -1
220 12 1440 16147 2 13194 27667 21 -1
221 -1 -1 -1 8 23040 31906 3 9
222 11 15840 19305 3 15840 24846 1 -1
223 -1 -1 -1 2 7200 21023 4 6
224 0 15840 19452 6 15840 25341 4 -1
225 4 2880 9194 3 4735 13750 20 -1
226 8 11520 18925 6 16342 18925 28 -1
227 12 10080 19961 5 18111 24703 11 -1
228 1 7200 15698 2 11845 15698 1 -1
229 12 17280 19633 10 17280 31069 1 -1
230 6 20160 27881 -1 -1 -1 5 -1
231 9 8640 15527 4 12947 23157 17 -1
232 11 1440 8002 12 5185 8002 6 -1
233 12 5760 12100 2 5760 20477 9 -1
234 4 8640 18527 9 12409 22003 4 -1
235 12 8640 11221 2 8640 19480 14 -1
236 12 10080 16413 5 10080 23925 1 -1
237 12 15840 23584 5 19083 24823 24 -1
238 9 1440 7055 2 3152 15240 18 -1
239 6 12960 20628 5 16687 22562 3 -1
240 -1 -1 -1 12 8640 17655 5 5
241 6 15840 28000 -1 -1 -1 25 -1
242 7 7200 12259 4 7200 24768 7 -1
243 5 21600 26098 7 21600 34831 21 -1
244 4 1440 4682 6 1440 9099 13 -1
245 -1 -1 -1 5 5760 22447 8 2
246 1 12960 23656 8 22216 23656 9 -1
247 8 10080 13330 2 10080 23408 36 -1
248 -1 -1 -1 12 5760 15767 1 2
249 8 1440 8714 12 3027 13667 34 -1
250 0 20160 26020 11 20160 36321 14 -1
251 7 2880 5780 3 2880 7009 5 -1
252 11 0 5629 0 1432 12518 10 -1
253 12 14400 27575 -1 -1 -1 12 -1
254 10 1440 8282 6 5579 8282 4 -1
255 -1 -1 -1 5 2880 16182 1 2
256 -1 -1 -1 4 4320 14216 12 8
257 10 0 9030 6 3515 15649 8 -1
258 11 17280 25075 3 19154 25075 10 -1
259 -1 -1 -1 4 5760 18650 17 0
260 7 15840 18910 4 15840 27330 4 -1
261 3 4320 5760 10 4320 19853 11 -1
262 -1 -1 -1 10 12960 17613 25 8
263 2 7200 17667 6 9510 26330 4 -1
264 10 0 10744 1 7744 19129 10 -1
265 7 5760 15262 8 10538 21046 5 -1
266 3 7200 22236 8 16876 31644 16 -1
267 -1 -1 -1 9 12960 28548 3 0
268 -1 -1 -1 9 11520 15605 7 6
269 5 15840 23758 6 15840 24591 8 -1
270 9 1440 6288 2 1440 16676 5 -1
271 1 5760 11550 2 14244 26914 20 -1
272 6 8640 18635 5 10729 24816 9 -1
273 4 11520 13270 1 11520 25448 27 -1
274 -1 -1 -1 10 14400 22372 1 5
275 12 15840 25288 7 15853 36853 1 -1
276 -1 -1 -1 9 18720 31603 34 6
277 -1 -1 -1 11 23040 30977 10 7
278 -1 -1 -1 5 18720 37016 1 4
279 1 0 5650 3 0 10352 9 -1
280 10 7200 19778 2 15525 19778 2 -1
281 -1 -1 -1 2 14400 27113 12 0
282 10 12960 23445 8 19030 32668 17 -1
283 0 2880 10140 1 4982 17945 13 -1
284 5 17280 18720 11 17280 19809 23 -1
285 3 12960 17012 12 12960 22644 18 -1
286 2 1440 5835 6 2416 8974 1 -1
287 -1 -1 -1 7 7200 12839 8 9
288 1 12960 18445 2 15238 22148 14 -1
289 10 20160 25349 7 23177 25349 8 -1
290 7 1440 9353 6 1440 13074 14 -1
291 11 25920 27360 2 25920 38268 3 -1
292 1 10080 11759 0 10080 19832 2 -1
293 3 7200 13099 0 7200 17942 1 -1
294 1 20160 26312 6 20160 29543 1 -1
295 6 1440 13210 2 7665 18115 24 -1
296 -1 -1 -1 8 0 14879 4 1
297 1 14400 19610 8 14400 23649 11 -1
298 8 4320 11234 1 7369 13862 9 -1
299 6 4320 11271 10 10800 15513 7 -1
#Distance_Matrix [row=from col=to] (given in meters)
0	64100	64700	59000	68800	198000	190300	53600	54000	70000	189700	174900	68200	64700	
64100	0	10900	6200	6800	135700	131800	14800	10400	5900	131300	116400	13500	10900	
64700	10900	0	5800	4100	135700	125600	15100	11000	6000	125000	110200	17300	0	
59000	6200	5800	0	9800	141400	131300	9300	5300	11700	130800	116000	11600	5800	
68800	6800	4100	9800	0	131600	125000	19100	15100	1900	124500	109600	20300	4100	
198000	135700	135700	141400	131600	0	233000	144400	146100	129800	232500	217700	149200	135700	
190300	131800	125600	131300	125000	233000	0	140600	136600	126700	2500	26200	142900	125600	
53600	14800	15100	9300	19100	144400	140600	0	4400	20700	140100	125300	16600	15100	
54000	10400	11000	5300	15100	146100	136600	4400	0	16300	136000	121200	15300	11000	
70000	5900	6000	11700	1900	129800	126700	20700	16300	0	126100	111300	19400	6000	
189700	131300	125000	130800	124500	232500	2500	140100	136000	126100	0	25600	142300	125000	
174900	116400	110200	116000	109600	217700	26200	125300	121200	111300	25600	0	127500	110200	
68200	13500	17300	11600	20300	149200	142900	16600	15300	19400	142300	127500	0	17300	
64700	10900	0	5800	4100	135700	125600	15100	11000	6000	125000	110200	17300	0	
