##Problem_info
speed(meters/minute): 333
coupling_time: 15
decoupling_time: 15
body_capacity: 100
max_bodies: 4
total_number_of_nodes: 14
total_number_of_vessels: 5
total_number_of_bodies: 10
total_number_of_requests: 300
unscheduled_cost_coefficient: 10000
service_time: 2
##Nodes [id is_swap_location]   (-2 is only swap location/transfer | 1 is customer that allow a body to be dropped)
0 1
1 1
2 1
3 1
4 1
5 1
6 1
7 1
8 1
9 1
10 1
11 1
12 1
13 -2
##Vessel [id start_location start_time]
0 1 95
1 6 73
2 13 5
3 11 90
4 10 210
##Bodies [id attached_to_vessel start_location]  (if -1 for attached_to_vessel: body starts detached)
0 -1 10
1 -1 3
2 0 1
3 -1 13
4 -1 4
5 2 13
6 1 6
7 0 1
8 -1 2
9 3 11
##Requests [id pickup_location_id pickup_from pickup_to delivery_location_id delivery_from delivery_to num_containers at_body_id]
0 11 2880 12124 0 10278 12124 8 -1
1 10 5760 18354 8 14192 31202 5 -1
2 1 23040 25371 4 23071 32289 18 -1
3 -1 -1 -1 3 15840 31554 4 7
4 5 2880 5550 1 2880 10080 31 -1
5 6 8640 12278 3 8640 24076 3 -1
6 -1 -1 -1 1 15840 29627 22 8
7 3 12960 18824 10 17384 18824 2 -1
8 10 4320 15207 0 6482 19166 21 -1
9 5 15840 17280 7 15840 34561 9 -1
10 -1 -1 -1 10 14400 27373 6 1
11 5 0 7301 3 0 13140 17 -1
12 9 4320 11200 2 6570 11200 14 -1
13 12 11520 22695 2 23387 35602 18 -1
14 1 21600 27631 -1 -1 -1 36 -1
15 6 2880 6237 0 2880 10213 1 -1
16 11 2880 10157 10 7236 10157 10 -1
17 -1 -1 -1 7 10080 22991 24 4
18 7 2880 9301 8 6368 13012 16 -1
19 7 8640 21914 2 20116 27186 4 -1
20 0 17280 25130 3 21715 34581 7 -1
21 8 2880 5179 3 2880 14161 16 -1
22 -1 -1 -1 7 12960 22987 6 0
23 -1 -1 -1 3 2880 11826 2 8
24 2 11520 17406 0 14728 21096 16 -1
25 2 1440 9324 10 2154 20944 16 -1
26 -1 -1 -1 8 20160 36581 28 4
27 9 4320 13535 3 7420 24428 18 -1
28 9 8640 16310 5 13790 16310 10 -1
29 -1 -1 -1 1 4320 20097 1 3
30 2 20160 23430 8 20160 31914 4 -1
31 7 7200 22028 6 21278 33388 15 -1
32 -1 -1 -1 6 2880 12934 18 7
33 11 12960 16007 12 13327 16007 21 -1
34 0 23040 26439 9 24462 32040 23 -1
35 2 7200 13627 4 10382 19738 3 -1
36 7 27360 28800 -1 -1 -1 20 -1
37 -1 -1 -1 11 12960 24673 33 4
38 6 11520 16698 3 11585 27206 23 -1
39 -1 -1 -1 6 17280 19593 18 7
40 8 5760 14283 0 9201 14283 12 -1
41 10 8640 12412 3 8640 18683 6 -1
42 5 14400 17507 3 14400 21255 18 -1
43 -1 -1 -1 9 4320 16664 9 5
44 1 1440 8980 11 1440 12210 4 -1
45 -1 -1 -1 1 0 14117 16 3
46 -1 -1 -1 6 11520 29422 8 5
47 -1 -1 -1 7 11520 20137 20 1
48 0 7200 9596 4 8694 18119 1 -1
49 -1 -1 -1 12 7200 21938 13 0
50 1 1440 16971 10 17055 31605 15 -1
51 -1 -1 -1 7 1440 2880 4 5
52 0 14400 21731 7 14400 23753 1 -1
53 -1 -1 -1 0 8640 17669 6 0
54 2 14400 23995 11 20395 31655 17 -1
55 9 12960 15148 12 13218 15148 5 -1
56 -1 -1 -1 10 4320 19263 4 2
57 1 2880 16570 7 11279 16570 15 -1
58 7 4320 11056 12 4845 20105 12 -1
59 12 25920 28685 -1 -1 -1 4 -1
60 3 1440 14482 2 9274 23464 11 -1
61 -1 -1 -1 8 17280 27277 2 9
62 -1 -1 -1 10 7200 21202 6 5
63 2 1440 8270 4 5214 23152 18 -1
64 10 18720 28201 -1 -1 -1 3 -1
65 1 12960 20660 5 18903 26508 7 -1
66 3 7200 11716 5 7200 18883 11 -1
67 8 8640 19515 10 14386 19515 13 -1
68 11 17280 22233 0 20154 24629 2 -1
69 -1 -1 -1 1 0 6831 4 3
70 -1 -1 -1 10 14400 28271 10 2
71 7 11520 20513 12 20727 34190 13 -1
72 9 11520 22316 3 15715 22316 9 -1
73 -1 -1 -1 6 21600 32683 26 3
74 12 8640 13058 8 11618 13058 24 -1
75 12 5760 15267 1 9562 23641 1 -1
76 3 1440 10037 0 1848 10039 10 -1
77 12 5760 7808 8 5760 13978 22 -1
78 3 5760 8861 6 5760 26760 6 -1
79 3 11520 17196 8 11520 22887 28 -1
80 9 0 10509 1 3981 10509 2 -1
81 11 1440 3599 12 1440 22440 6 -1
82 7 7200 22120 12 20680 22120 24 -1
83 4 7200 13117 0 8949 14133 6 -1
84 -1 -1 -1 6 14400 24390 10 5
85 0 15840 22072 12 15840 29033 28 -1
86 8 8640 10639 6 8640 28153 10 -1
87 9 5760 12937 10 9113 25885 4 -1
88 8 10080 14045 0 10717 19644 1 -1
89 6 21600 28156 -1 -1 -1 1 -1
90 -1 -1 -1 1 14400 25129 1 1
91 10 7200 18326 5 13934 28874 13 -1
92 10 18720 22865 4 18720 37115 8 -1
93 10 15840 18877 3 18036 32698 5 -1
94 -1 -1 -1 0 11520 19454 4 3
95 7 15840 25916 9 18655 25916 4 -1
96 -1 -1 -1 11 14400 27979 11 8
97 12 15840 22998 2 19194 27902 1 -1
98 2 17280 22619 7 21179 22619 27 -1
99 0 2880 7481 1 2880 7560 21 -1
100 4 5760 17162 5 10131 17409 22 -1
101 12 4320 14144 5 4320 21113 7 -1
102 5 4320 9501 7 10225 16791 16 -1
103 5 7200 14270 1 8258 18707 4 -1
104 -1 -1 -1 7 7200 18797 1 2
105 5 17280 20093 0 17280 23441 16 -1
106 -1 -1 -1 8 10080 22634 6 7
107 6 10080 17757 7 10080 19648 16 -1
108 11 12960 24177 4 19620 29987 20 -1
109 5 2880 8984 2 8295 23327 1 -1
110 7 17280 24521 8 17280 27462 9 -1
111 -1 -1 -1 5 21600 29170 31 7
112 -1 -1 -1 5 17280 26257 53 2
113 0 14400 21587 9 19423 25104 1 -1
114 0 4320 16277 8 12468 31971 1 -1
115 5 20160 25637 3 20160 39145 16 -1
116 3 14400 24740 6 16399 24740 22 -1
117 10 11520 16681 2 11520 22623 12 -1
118 -1 -1 -1 8 8640 21840 21 9
119 5 10080 12814 0 10080 29266 22 -1
120 10 24480 28750 -1 -1 -1 19 -1
121 1 23040 28631 -1 -1 -1 4 -1
122 -1 -1 -1 12 5760 18536 8 2
123 10 15840 23599 12 21410 23599 5 -1
124 0 21600 24046 12 21600 31242 7 -1
125 -1 -1 -1 12 5760 13652 18 7
126 0 14400 26163 9 16106 27102 17 -1
127 10 10080 14443 5 11787 18121 1 -1
128 4 0 6138 1 0 16567 14 -1
129 -1 -1 -1 3 7200 12951 10 5
130 8 18720 21156 6 18720 29848 8 -1
131 -1 -1 -1 7 12960 20353 24 6
132 2 4320 9929 8 4320 16216 1 -1
133 -1 -1 -1 3 7200 28200 10 6
134 9 11520 14591 8 13151 14591 6 -1
135 4 5760 12169 8 7666 12169 2 -1
136 -1 -1 -1 5 20160 41160 6 8
137 12 15840 27934 -1 -1 -1 15 -1
138 3 5760 13894 5 12454 13894 3 -1
139 9 1440 15925 0 10074 17349 19 -1
140 5 11520 16469 0 12851 19905 26 -1
141 -1 -1 -1 4 5760 19471 12 1
142 10 1440 7906 12 5635 12908 3 -1
143 4 7200 21854 3 18193 25432 21 -1
144 -1 -1 -1 8 27360 36876 7 9
145 5 14400 25571 3 23599 37198 23 -1
146 -1 -1 -1 9 2880 10144 5 3
147 -1 -1 -1 8 7200 20964 5 3
148 5 14400 19122 9 14400 21682 8 -1
149 0 15840 21945 11 15840 23330 8 -1
150 -1 -1 -1 12 0 10737 11 9
151 7 10080 22667 3 18172 22667 18 -1
152 -1 -1 -1 5 5760 7423 5 8
153 1 12960 17088 8 13095 25690 19 -1
154 -1 -1 -1 12 11520 20097 3 8
155 10 2880 15182 4 7803 15554 2 -1
156 -1 -1 -1 9 4320 10796 8 9
157 3 11520 21240 12 13565 29008 5 -1
158 5 0 1440 10 0 8774 11 -1
159 11 11520 17270 5 13922 21532 1 -1
160 3 15840 21314 8 15840 28194 10 -1
161 0 8640 12980 5 12131 20806 5 -1
162 3 0 8041 12 1808 8041 6 -1
163 11 20160 25475 1 20160 30801 21 -1
164 -1 -1 -1 1 5760 19207 9 1
165 1 7200 17767 8 17334 34155 1 -1
166 6 17280 21374 3 17280 24123 20 -1
167 -1 -1 -1 0 14400 23483 12 4
168 4 4320 7400 5 4320 14416 13 -1
169 10 18720 21639 0 18720 30702 7 -1
170 2 18720 25969 12 19367 33085 10 -1
171 3 20160 27058 2 22225 37236 1 -1
172 3 11520 12960 1 11520 22992 9 -1
173 4 5760 12177 5 5986 22370 2 -1
174 0 18720 25573 8 18720 27916 9 -1
175 6 18720 23454 12 19927 30071 17 -1
176 12 10080 15295 10 10080 23826 17 -1
177 2 20160 25861 1 20160 27877 36 -1
178 -1 -1 -1 12 4320 17928 18 3
179 -1 -1 -1 11 11520 28278 4 7
180 6 2880 13828 2 12009 19220 9 -1
181 -1 -1 -1 5 17280 20037 9 9
182 3 20160 28660 -1 -1 -1 6 -1
183 11 2880 11248 12 7698 14680 18 -1
184 8 17280 26623 6 26539 36236 2 -1
185 9 0 13666 1 12007 24131 9 -1
186 3 17280 20407 4 17280 33701 13 -1
187 5 23040 26300 11 25817 32536 15 -1
188 -1 -1 -1 6 20160 28355 13 1
189 3 5760 14569 1 5760 18864 18 -1
190 -1 -1 -1 2 1440 13303 1 0
191 11 10080 19290 5 12514 19290 2 -1
192 12 21600 25487 11 23448 28286 4 -1
193 -1 -1 -1 12 25920 32883 27 8
194 2 8640 11876 8 8640 23771 8 -1
195 -1 -1 -1 8 4320 23677 19 1
196 9 23040 24480 2 23174 38111 9 -1
197 8 0 7928 5 1030 7928 19 -1
198 2 24480 27769 -1 -1 -1 14 -1
199 -1 -1 -1 1 7200 16143 3 4
200 3 12960 17445 1 15023 25554 18 -1
201 8 18720 21974 11 18720 30871 1 -1
202 -1 -1 -1 9 20160 34587 9 1
203 9 0 2245 7 0 10763 9 -1
204 -1 -1 -1 11 10080 21070 23 9
205 6 0 16091 11 14022 25797 9 -1
206 6 2880 14291 8 13729 32729 25 -1
207 0 17280 23264 6 17280 32095 2 -1
208 11 11520 27253 9 22151 35531 15 -1
209 10 0 4739 8 0 15779 7 -1
210 4 2880 11799 11 7067 18251 6 -1
211 -1 -1 -1 2 0 1812 7 2
212 9 5760 14560 5 9845 20374 33 -1
213 12 0 9802 9 2982 11474 11 -1
214 3 5760 14676 9 13377 17009 1 -1
215 10 18720 23073 5 18720 31452 17 -1
216 0 11520 20967 5 17391 22642 7 -1
217 9 14400 19483 3 14400 22603 23 -1
218 5 12960 25930 7 21436 25930 1 -1
219 3 1440 5358 0 1440 17720 15 -1
220 10 0 11894 7 11374 12814 11 -1
221 -1 -1 -1 12 23040 33584 4 3
222 -1 -1 -1 2 0 12903 6 9
223 -1 -1 -1 10 1440 10238 6 6
224 2 5760 16028 7 15134 24054 18 -1
225 0 24480 27212 3 24480 44630 22 -1
226 12 15840 22301 3 15840 22564 1 -1
227 -1 -1 -1 11 2880 6941 8 5
228 7 15840 24108 0 20186 24108 12 -1
229 -1 -1 -1 2 2880 12581 15 6
230 -1 -1 -1 12 4320 14343 10 3
231 -1 -1 -1 12 11520 20154 3 1
232 -1 -1 -1 7 5760 16598 3 2
233 4 11520 20088 0 14332 30395 6 -1
234 5 2880 14089 4 8646 14300 8 -1
235 2 4320 6919 0 4320 12143 15 -1
236 11 5760 9985 10 6993 16993 11 -1
237 -1 -1 -1 0 4320 9211 2 8
238 4 20160 28141 -1 -1 -1 23 -1
239 -1 -1 -1 0 14400 26270 14 2
240 10 10080 12382 2 10080 31080 1 -1
241 -1 -1 -1 7 2880 8678 2 3
242 12 4320 12759 2 9128 12759 24 -1
243 6 5760 14421 8 8665 14421 12 -1
244 9 1440 18371 7 12749 21049 8 -1
245 12 8640 12667 0 8640 17670 1 -1
246 -1 -1 -1 9 4320 13232 10 9
247 11 24480 27350 1 24990 27350 16 -1
248 6 12960 14400 11 12960 24423 15 -1
249 5 17280 23892 11 18811 24663 23 -1
250 7 23040 27904 -1 -1 -1 1 -1
251 5 11520 12960 3 11520 17237 4 -1
252 9 14400 22534 0 21811 23251 14 -1
253 -1 -1 -1 8 17280 30719 1 3
254 6 12960 26427 4 22839 36796 8 -1
255 4 18720 20160 6 18720 34821 2 -1
256 4 12960 24033 11 20060 28218 5 -1
257 8 1440 6949 2 1643 14819 7 -1
258 6 7200 11300 9 7200 24542 7 -1
259 2 11520 20717 0 14168 20717 24 -1
260 12 14400 24819 5 20144 24819 2 -1
261 -1 -1 -1 8 18720 32643 6 5
262 7 1440 7770 8 1510 15053 19 -1
263 10 14400 20677 6 14788 25247 18 -1
264 2 0 10518 6 6250 11774 17 -1
265 10 8640 18438 1 11390 24553 21 -1
266 -1 -1 -1 2 15840 31243 9 6
267 1 0 4849 9 4549 5989 1 -1
268 1 5760 13126 4 6819 13126 5 -1
269 4 5760 9811 0 7322 9811 2 -1
270 11 14400 17096 10 14400 24097 4 -1
271 -1 -1 -1 11 12960 23736 2 1
272 1 2880 4320 12 2880 7281 12 -1
273 8 14400 24710 3 24934 33470 8 -1
274 -1 -1 -1 9 5760 18568 2 8
275 0 0 15246 7 8381 26497 10 -1
276 4 17280 28139 -1 -1 -1 11 -1
277 -1 -1 -1 12 2880 10616 5 1
278 3 18720 21801 12 19247 21801 4 -1
279 9 0 15873 4 9912 19312 13 -1
280 11 18720 26028 1 20422 26028 14 -1
281 9 1440 3814 12 1440 12369 5 -1
282 6 10080 23795 11 16267 25434 23 -1
283 2 15840 25007 9 17979 28443 33 -1
284 0 0 1440 6 0 17384 8 -1
285 -1 -1 -1 12 7200 9188 10 6
286 5 0 8726 2 1262 14279 1 -1
287 6 4320 13959 11 11340 21875 19 -1
288 4 8640 20630 5 16559 25703 1 -1
289 0 2880 6221 9 4101 13962 4 -1
290 7 7200 18160 12 14386 28189 2 -1
291 0 1440 8126 7 1440 16116 8 -1
292 9 17280 19334 1 17280 23449 2 -1
293 10 8640 16633 9 12817 25320 24 -1
294 6 4320 15611 9 9211 21291 17 -1
295 7 14400 19342 5 16002 19342 25 -1
296 0 21600 25434 -1 -1 -1 36 -1
297 -1 -1 -1 11 4320 15105 6 6
298 -1 -1 -1 7 18720 28748 3 8
299 -1 -1 -1 1 4320 14979 7 8
#Distance_Matrix [row=from col=to] (given in meters)
0	64100	64700	59000	68800	198000	190300	53600	54000	70000	189700	174900	68200	64700	
64100	0	10900	6200	6800	135700	131800	14800	10400	5900	131300	116400	13500	10900	
64700	10900	0	5800	4100	135700	125600	15100	11000	6000	125000	110200	17300	0	
59000	6200	5800	0	9800	141400	131300	9300	5300	11700	130800	116000	11600	5800	
68800	6800	4100	9800	0	131600	125000	19100	15100	1900	124500	109600	20300	4100	
198000	135700	135700	141400	131600	0	233000	144400	146100	129800	232500	217700	149200	135700	
190300	131800	125600	131300	125000	233000	0	140600	136600	126700	2500	26200	142900	125600	
53600	14800	15100	9300	19100	144400	140600	0	4400	20700	140100	125300	16600	15100	
54000	10400	11000	5300	15100	146100	136600	4400	0	16300	136000	121200	15300	11000	
70000	5900	6000	11700	1900	129800	126700	20700	16300	0	126100	111300	19400	6000	
189700	131300	125000	130800	124500	232500	2500	140100	136000	126100	0	25600	142300	125000	
174900	116400	110200	116000	109600	217700	26200	125300	121200	111300	25600	0	127500	110200	
68200	13500	17300	11600	20300	149200	142900	16600	15300	19400	142300	127500	0	17300	
64700	10900	0	5800	4100	135700	125600	15100	11000	6000	125000	110200	17300	0	
