##Problem_info
speed(meters/minute): 333
coupling_time: 15
decoupling_time: 15
body_capacity: 100
max_bodies: 4
total_number_of_nodes: 14
total_number_of_vessels: 5
total_number_of_bodies: 10
total_number_of_requests: 50
unscheduled_cost_coefficient: 10000
service_time: 2
##Nodes [id is_swap_location]   (-2 is only swap location/transfer | 1 is customer that allow a body to be dropped)
0 1
1 1
2 1
3 1
4 1
5 1
6 1
7 1
8 1
9 1
10 1
11 1
12 1
13 -2
##Vessel [id start_location start_time]
0 4 1
1 3 3
2 2 8
3 1 8
4 0 292
##Bodies [id attached_to_vessel start_location]  (if -1 for attached_to_vessel: body starts detached)
0 3 1
1 2 2
2 3 1
3 2 2
4 0 4
5 -1 6
6 -1 0
7 -1 3
8 3 1
9 -1 13
##Requests [id pickup_location_id pickup_from pickup_to delivery_location_id delivery_from delivery_to num_containers at_body_id]
0 0 14400 25162 9 21954 34994 2 -1
1 6 12960 21752 9 14033 23260 2 -1
2 6 7200 13833 10 7200 14298 13 -1
3 8 17280 28387 -1 -1 -1 1 -1
4 -1 -1 -1 10 10080 18342 2 0
5 -1 -1 -1 8 12960 23939 1 1
6 1 24480 27847 -1 -1 -1 7 -1
7 0 18720 25596 2 18720 30896 12 -1
8 11 23040 25281 7 23040 35095 8 -1
9 1 12960 20319 12 12960 25778 1 -1
10 0 18720 24477 8 21937 31778 6 -1
11 6 5760 11701 2 6941 11701 8 -1
12 9 7200 23944 11 18515 26256 2 -1
13 10 14400 16309 3 14400 19500 21 -1
14 8 8640 19760 5 12600 33600 9 -1
15 3 14400 15840 0 15363 28206 3 -1
16 8 4320 15573 12 9316 18152 3 -1
17 -1 -1 -1 6 8640 19132 29 3
18 -1 -1 -1 10 10080 21200 6 7
19 9 1440 11867 12 9944 11867 18 -1
20 12 8640 12108 0 8640 23428 17 -1
21 -1 -1 -1 10 10080 18427 7 8
22 6 4320 10746 1 9936 20977 5 -1
23 8 11520 12960 3 13068 25198 1 -1
24 2 14400 24163 6 17646 32482 19 -1
25 8 7200 22041 2 16350 25690 1 -1
26 -1 -1 -1 5 1440 13222 6 9
27 0 10080 24361 10 22575 30061 1 -1
28 4 4320 9289 9 5400 17876 24 -1
29 10 1440 7442 5 1440 7802 10 -1
30 1 10080 19371 7 17059 28082 9 -1
31 1 10080 21259 10 11582 23822 14 -1
32 1 11520 19339 8 15015 26791 2 -1
33 -1 -1 -1 12 2880 14664 12 1
34 -1 -1 -1 1 14400 27043 1 1
35 6 5760 12816 1 5760 14168 8 -1
36 -1 -1 -1 8 10080 26687 20 2
37 8 14400 17936 9 14400 27960 8 -1
38 5 12960 18097 0 12960 24263 16 -1
39 6 1440 8967 2 7527 8967 12 -1
40 12 27360 28800 -1 -1 -1 18 -1
41 9 15840 19567 10 15840 28921 3 -1
42 8 11520 26142 4 23389 34130 1 -1
43 8 4320 15023 11 9720 15023 1 -1
44 2 4320 5760 4 4320 19682 19 -1
45 -1 -1 -1 10 5760 20888 6 8
46 -1 -1 -1 2 18720 27460 1 6
47 3 7200 19230 7 17563 27444 8 -1
48 12 5760 7200 5 5760 26760 18 -1
49 2 21600 27804 -1 -1 -1 22 -1
#Distance_Matrix [row=from col=to] (given in meters)
0	64100	64700	59000	68800	198000	190300	53600	54000	70000	189700	174900	68200	64700	
64100	0	10900	6200	6800	135700	131800	14800	10400	5900	131300	116400	13500	10900	
64700	10900	0	5800	4100	135700	125600	15100	11000	6000	125000	110200	17300	0	
59000	6200	5800	0	9800	141400	131300	9300	5300	11700	130800	116000	11600	5800	
68800	6800	4100	9800	0	131600	125000	19100	15100	1900	124500	109600	20300	4100	
198000	135700	135700	141400	131600	0	233000	144400	146100	129800	232500	217700	149200	135700	
190300	131800	125600	131300	125000	233000	0	140600	136600	126700	2500	26200	142900	125600	
53600	14800	15100	9300	19100	144400	140600	0	4400	20700	140100	125300	16600	15100	
54000	10400	11000	5300	15100	146100	136600	4400	0	16300	136000	121200	15300	11000	
70000	5900	6000	11700	1900	129800	126700	20700	16300	0	126100	111300	19400	6000	
189700	131300	125000	130800	124500	232500	2500	140100	136000	126100	0	25600	142300	125000	
174900	116400	110200	116000	109600	217700	26200	125300	121200	111300	25600	0	127500	110200	
68200	13500	17300	11600	20300	149200	142900	16600	15300	19400	142300	127500	0	17300	
64700	10900	0	5800	4100	135700	125600	15100	11000	6000	125000	110200	17300	0	
